FUN_000010-T1 M896_011160 0.0148 480.7 1406.3 0.0010 0.0000 0.0194 1.7201 73.4 214.6 0.6347 0.5001 0.7878 "BUSCO"
FUN_000017-T1 M896_011170 0.0156 521.2 1524.8 0.0747 0.0013 0.0167 1.3920 127.6 373.4 0.5232 0.3766 0.7198 "BUSCO"
FUN_000024-T1 M896_011150 0.0262 139.1 406.9 99.0000 0.0117 0.0001 1.7539 64.2 187.8 0.3321 0.3866 1.1641 "BUSCO"
FUN_000059-T1 M896_041140 0.0325 230.0 673.0 0.0010 0.0000 0.0424 1.4209 115.4 337.6 0.3705 0.3306 0.8922 "BUSCO"
FUN_000065-T1 M896_060520 0.0176 400.5 1171.5 0.0399 0.0008 0.0206 0.5406 390.5 1142.5 0.0543 0.0332 0.6103 "BUSCO"
FUN_000075-T1 M896_120620 0.0062 148.3 433.7 0.0010 0.0000 0.0081 2.2206 12.2 35.8 0.1899 0.3547 1.8681 "BUSCO"
FUN_000087-T1 M896_011250 0.0111 645.0 1887.0 0.1519 0.0015 0.0100 1.7231 64.2 187.8 0.5429 0.4729 0.8711 "BUSCO"
FUN_000181-T1 M896_041640 0.0188 91.7 268.3 0.0010 0.0000 0.0245 0.2835 90.9 266.1 0.0867 0.0257 0.2959 "BUSCO"
FUN_000215-T1 M896_051560 0.0179 100.9 295.1 0.2291 0.0032 0.0140 0.6150 84.1 245.9 0.1708 0.0916 0.5366 "BUSCO"
FUN_000219-T1 M896_080560 0.0162 100.1 292.9 0.2839 0.0033 0.0116 0.6310 95.5 279.5 0.0614 0.0430 0.6999 "BUSCO"
FUN_000221-T1 M896_041850 0.0711 152.1 444.9 0.3181 0.0153 0.0482 0.6821 151.3 442.7 0.1114 0.0750 0.6732 "BUSCO"
FUN_000222-T1 M896_041860 0.0120 84.8 248.2 0.0010 0.0000 0.0156 0.7759 78.0 228.0 0.1054 0.0818 0.7759 "BUSCO"
FUN_000233-T1 M896_041820 0.0496 78.7 230.3 0.0010 0.0001 0.0647 0.2865 73.4 214.6 0.1206 0.0334 0.2771 "BUSCO"
FUN_000252-T1 M896_041950 0.0160 155.1 453.9 0.0010 0.0000 0.0208 0.4850 151.3 442.7 0.0071 0.0044 0.6217 "BUSCO"
FUN_000264-T1 M896_042070 0.0103 170.4 498.6 0.0010 0.0000 0.0134 0.5239 164.3 480.7 0.0971 0.0518 0.5339 "BUSCO"
FUN_000269-T1 M896_042100 0.0136 136.8 400.2 0.0010 0.0000 0.0177 0.4712 150.6 440.4 0.0809 0.0403 0.4987 "BUSCO"
FUN_000294-T1 M896_031290 0.0153 690.9 2021.1 0.1795 0.0024 0.0131 0.6114 655.0 1916.0 0.1077 0.0655 0.6084 "BUSCO"
FUN_000296-T1 M896_030640 0.0080 482.2 1410.8 0.0010 0.0000 0.0105 0.6312 562.5 1645.5 0.1148 0.0710 0.6182 "BUSCO"
FUN_000304-T1 M896_100460 0.0568 228.5 668.5 0.5367 0.0155 0.0289 0.6371 197.2 576.8 0.1323 0.0795 0.6010 "BUSCO"
FUN_000305-T1 M896_030740 0.0092 204.1 596.9 0.0010 0.0000 0.0120 2.6365 96.3 281.7 0.2825 0.5336 1.8888 "BUSCO"
FUN_000338-T1 M896_030840 0.0071 245.3 717.7 0.2442 0.0013 0.0054 1.7388 78.7 230.3 0.4649 0.4482 0.9640 "BUSCO"
FUN_000341-T1 M896_030850 0.0117 408.9 1196.1 0.0612 0.0008 0.0129 1.8173 78.0 228.0 0.4597 0.4662 1.0141 "BUSCO"
FUN_000415-T1 M896_050420 0.0033 218.6 639.4 99.0000 0.0015 0.0000 1.7450 34.4 100.6 0.3706 0.4060 1.0955 "BUSCO"
FUN_000430-T1 M896_051960 0.0000 146.0 427.0 0.9365 0.0000 0.0000 2.1506 57.3 167.7 0.5427 0.5902 1.0874 "BUSCO"
FUN_000435-T1 M896_051880 0.0448 521.2 1524.8 0.2404 0.0083 0.0344 1.9216 45.1 131.9 0.5169 0.5174 1.0009 "BUSCO"
FUN_000437-T1 M896_020450 0.0076 654.2 1913.8 0.2715 0.0015 0.0056 1.8672 70.3 205.7 0.3884 0.4442 1.1436 "BUSCO"
FUN_000445-T1 M896_040490 0.0199 389.8 1140.2 0.0804 0.0017 0.0211 1.8135 167.4 489.6 0.5431 0.4978 0.9166 "BUSCO"
FUN_000447-T1 M896_040450 0.0000 74.9 219.1 0.8669 0.0000 0.0000 1.2642 16.8 49.2 0.6860 0.3774 0.5501 "BUSCO"
FUN_000451-T1 M896_040390 0.0159 361.5 1057.5 0.5635 0.0044 0.0078 1.8988 89.4 261.6 0.3072 0.4020 1.3085 "BUSCO"
FUN_000458-T1 M896_050990 0.0177 374.5 1095.5 0.2712 0.0035 0.0129 0.5830 374.5 1095.5 0.1490 0.0792 0.5313 "BUSCO"
FUN_000503-T1 M896_040110 0.0110 321.0 939.0 0.0010 0.0000 0.0143 1.6865 82.5 241.5 0.4252 0.4181 0.9835 "BUSCO"
FUN_000509-T1 M896_070560 0.0258 165.8 485.2 0.0783 0.0021 0.0274 0.5817 162.8 476.2 0.1237 0.0691 0.5589 "BUSCO"
FUN_000545-T1 M896_121410 0.0296 172.0 503.0 0.2603 0.0057 0.0220 2.0834 60.4 176.6 0.3228 0.4526 1.4021 "BUSCO"
FUN_000547-T1 M896_121350 0.0138 684.8 2003.2 0.5703 0.0039 0.0068 1.7423 225.5 659.5 0.4149 0.4273 1.0298 "BUSCO"
FUN_000549-T1 M896_121340 0.0160 207.1 605.9 0.2675 0.0032 0.0118 2.1233 45.1 131.9 0.4135 0.5199 1.2574 "BUSCO"
FUN_000557-T1 M896_120830 1.8670 16.0 47.0 0.4992 0.4957 0.9929 1.8965 32.1 93.9 0.3936 0.4540 1.1535 "BUSCO"
FUN_000559-T1 M896_120970 0.0249 175.0 512.0 0.1708 0.0037 0.0217 2.0230 71.1 207.9 0.5531 0.5592 1.0111 "BUSCO"
FUN_000561-T1 M896_010690 0.0171 376.8 1102.2 0.0439 0.0009 0.0198 2.7252 37.4 109.6 0.1256 0.3275 2.6078 "BUSCO"
FUN_000582-T1 M896_120850 0.0091 288.1 842.9 0.1328 0.0011 0.0086 1.9197 27.5 80.5 0.1576 0.2710 1.7191 "BUSCO"
FUN_000614-T1 M896_090510 0.0265 429.5 1256.5 0.1630 0.0038 0.0235 0.5195 430.3 1258.7 0.0952 0.0506 0.5316 "BUSCO"
FUN_000618-T1 M896_120530 0.0067 248.4 726.6 0.2718 0.0013 0.0049 1.5975 41.3 120.7 0.4547 0.4079 0.8970 "BUSCO"
FUN_000619-T1 M896_021310 0.1982 247.6 724.4 2.6327 0.0785 0.0298 1.9203 70.3 205.7 0.5303 0.5223 0.9848 "BUSCO"
FUN_000645-T1 M896_120690 0.0182 192.6 563.4 0.0010 0.0000 0.0238 1.6648 14.5 42.5 0.1796 0.2564 1.4281 "BUSCO"
FUN_000654-T1 M896_110150 0.0533 393.6 1151.4 0.2863 0.0109 0.0379 0.6924 303.4 887.6 0.1874 0.1097 0.5852 "BUSCO"
FUN_000672-T1 M896_120360 0.0000 193.4 565.6 0.8115 0.0000 0.0000 2.0184 42.0 123.0 0.3390 0.4495 1.3260 "BUSCO"
FUN_000692-T1 M896_120310 0.0325 464.7 1359.3 0.2800 0.0065 0.0234 1.7165 88.7 259.3 0.5290 0.4664 0.8816 "BUSCO"
FUN_000694-T1 M896_091510 0.0214 230.8 675.2 0.4730 0.0056 0.0118 0.7708 259.1 757.9 0.1574 0.1087 0.6907 "BUSCO"
FUN_000716-T1 M896_010910 0.0000 133.7 391.3 0.6510 0.0000 0.0000 1.7135 90.9 266.1 0.4330 0.4283 0.9891 "BUSCO"
FUN_000735-T1 M896_051700 0.0108 327.1 956.9 0.0010 0.0000 0.0141 0.6260 317.2 927.8 0.0964 0.0616 0.6389 "BUSCO"
FUN_000740-T1 M896_010370 0.0229 111.6 326.4 0.1403 0.0030 0.0212 1.7162 36.7 107.3 0.5812 0.4833 0.8316 "BUSCO"
FUN_000747-T1 M896_051720 0.0327 491.4 1437.6 0.0544 0.0020 0.0369 0.6079 484.5 1417.5 0.0409 0.0290 0.7104 "BUSCO"
FUN_000751-T1 M896_051740 0.0274 208.6 610.4 0.0493 0.0015 0.0313 0.6565 206.3 603.7 0.0301 0.0238 0.7894 "BUSCO"
FUN_000755-T1 M896_051750 0.0369 856.7 2506.3 0.3152 0.0079 0.0251 0.6341 781.8 2287.2 0.0659 0.0459 0.6956 "BUSCO"
FUN_000761-T1 M896_051800 0.0240 453.2 1325.8 0.1260 0.0029 0.0229 0.5978 441.7 1292.3 0.0521 0.0354 0.6787 "BUSCO"
FUN_000771-T1 M896_020440 0.0000 90.2 263.8 0.4555 0.0000 0.0000 1.9529 28.3 82.7 0.4225 0.4828 1.1429 "BUSCO"
FUN_000772-T1 M896_052130 0.0000 81.8 239.2 0.0010 0.0000 0.0000 0.3383 81.0 237.0 0.0544 0.0208 0.3819 "BUSCO"
FUN_000791-T1 M896_021550 0.0112 320.2 936.8 0.0010 0.0000 0.0146 1.3719 17.6 51.4 0.2667 0.2689 1.0084 "BUSCO"
FUN_000801-T1 M896_021810 0.0227 151.3 442.7 0.2496 0.0043 0.0172 1.7098 90.2 263.8 0.4830 0.4478 0.9272 "BUSCO"
FUN_000804-T1 M896_021800 0.0119 236.9 693.1 0.0010 0.0000 0.0155 1.7099 111.6 326.4 0.5464 0.4705 0.8611 "BUSCO"
FUN_000815-T1 M896_021610 0.0000 324.8 950.2 0.7531 0.0000 0.0000 1.6450 49.7 145.3 0.5533 0.4548 0.8220 "BUSCO"
FUN_000850-T1 M896_021690 0.0567 318.7 932.3 0.7798 0.0176 0.0226 1.6614 61.1 178.9 0.5528 0.4592 0.8306 "BUSCO"
FUN_000867-T1 M896_041610 0.0781 334.7 979.3 0.7253 0.0237 0.0327 0.6052 698.5 2043.5 0.0806 0.0517 0.6408 "BUSCO"
FUN_000889-T1 M896_041570 0.0154 363.8 1064.2 0.2227 0.0027 0.0122 0.8114 360.0 1053.0 0.2282 0.1453 0.6366 "BUSCO"
FUN_000925-T1 M896_121360 0.0326 57.3 167.7 0.1988 0.0054 0.0269 50.0000 8.4 24.6 0.0070 0.4499 64.1066 "BUSCO"
FUN_000945-T1 M896_120460 0.0000 81.0 237.0 0.8920 0.0000 0.0000 2.8840 22.9 67.1 0.1542 0.4010 2.6007 "BUSCO"
FUN_000991-T1 M896_060290 0.0364 749.7 2193.3 0.2838 0.0074 0.0260 0.6711 675.6 1976.4 0.0988 0.0673 0.6812 "BUSCO"
FUN_000999-T1 M896_020110 0.0000 142.2 415.8 0.8860 0.0000 0.0000 0.4858 139.9 409.1 0.0577 0.0314 0.5439 "BUSCO"
FUN_001026-T1 M896_021260 0.0273 515.1 1506.9 0.2012 0.0045 0.0225 1.5190 90.2 263.8 0.5217 0.4105 0.7868 "BUSCO"
FUN_001027-T1 M896_120790 0.0726 249.1 728.9 0.3726 0.0169 0.0455 1.6290 96.3 281.7 0.3768 0.3820 1.0139 "BUSCO"
FUN_001030-T1 M896_070610 0.0254 240.7 704.3 0.0470 0.0014 0.0293 0.4691 243.0 711.0 0.0292 0.0165 0.5654 "BUSCO"
FUN_001062-T1 M896_070470 0.0199 548.0 1603.0 0.0856 0.0018 0.0208 1.1370 24.5 71.5 0.6234 0.3284 0.5269 "BUSCO"
FUN_001063-T1 M896_070490 0.0114 333.2 974.8 0.0010 0.0000 0.0148 6.1459 2.3 6.7 0.0215 0.1628 7.5655 "BUSCO"
FUN_001082-T1 M896_070530 0.0154 492.9 1442.1 0.0010 0.0000 0.0201 0.7151 455.5 1332.5 0.2155 0.1237 0.5738 "BUSCO"
FUN_001095-T1 M896_020230 0.0295 214.0 626.0 0.1041 0.0031 0.0296 2.1646 55.8 163.2 0.5013 0.5756 1.1484 "BUSCO"
FUN_001102-T1 M896_041190 0.0165 366.1 1070.9 0.1935 0.0027 0.0138 1.7739 42.0 123.0 0.3565 0.4050 1.1362 "BUSCO"
FUN_001132-T1 M896_070200 0.0713 241.5 706.5 0.1182 0.0082 0.0694 1.5618 66.5 194.5 0.3853 0.3701 0.9607 "BUSCO"
FUN_001139-T1 M896_070310 0.0000 132.2 386.8 0.0010 0.0000 0.0000 1.7280 55.8 163.2 0.3910 0.4124 1.0546 "BUSCO"
FUN_001144-T1 M896_070330 0.0171 156.7 458.3 0.0010 0.0000 0.0223 1.3792 20.6 60.4 0.8423 0.4388 0.5209 "BUSCO"
FUN_001166-T1 M896_020900 0.0179 246.1 719.9 0.0693 0.0013 0.0194 1.6304 69.5 203.5 0.6853 0.4865 0.7100 "BUSCO"
FUN_001181-T1 M896_031420 0.0159 110.1 321.9 0.0010 0.0000 0.0207 0.4357 110.8 324.2 0.1062 0.0462 0.4349 "BUSCO"
FUN_001182-T1 M896_031410 0.0078 123.8 362.2 0.0010 0.0000 0.0102 0.5274 124.6 364.4 0.0708 0.0405 0.5717 "BUSCO"
FUN_001185-T1 M896_031460 0.0165 373.0 1091.0 0.0010 0.0000 0.0215 0.5169 376.8 1102.2 0.0470 0.0279 0.5946 "BUSCO"
FUN_001192-T1 M896_030090 0.0079 357.7 1046.3 0.0010 0.0000 0.0103 0.6583 356.9 1044.1 0.0702 0.0502 0.7147 "BUSCO"
FUN_001213-T1 M896_031280 0.0525 331.7 970.3 0.1160 0.0059 0.0512 0.4751 300.4 878.6 0.0757 0.0385 0.5089 "BUSCO"
FUN_001214-T1 M896_031270 0.0268 339.3 992.7 0.1662 0.0039 0.0236 0.5235 800.9 2343.1 0.0967 0.0516 0.5340 "BUSCO"
FUN_001223-T1 M896_090110 0.0264 155.1 453.9 0.0010 0.0000 0.0344 0.4877 151.3 442.7 0.0416 0.0237 0.5690 "BUSCO"
FUN_001230-T1 M896_031240 0.0069 208.6 610.4 99.0000 0.0031 0.0000 0.7376 139.9 409.1 0.1717 0.1103 0.6424 "BUSCO"
FUN_001244-T1 M896_050580 0.0059 322.5 943.5 0.0010 0.0000 0.0077 0.5323 288.1 842.9 0.0526 0.0318 0.6037 "BUSCO"
FUN_001246-T1 M896_031360 0.0000 68.0 199.0 0.6918 0.0000 0.0000 0.4579 61.9 181.1 0.0666 0.0334 0.5015 "BUSCO"
FUN_001252-T1 M896_011510 0.0249 254.5 744.5 0.1020 0.0026 0.0251 2.0063 48.1 140.9 0.2965 0.4168 1.4057 "BUSCO"
FUN_001258-T1 M896_031150 0.0223 267.5 782.5 0.0469 0.0012 0.0257 0.9148 256.8 751.2 0.1451 0.1219 0.8402 "BUSCO"
FUN_001314-T1 M896_031100 0.0140 253.7 742.3 0.0882 0.0013 0.0146 0.5412 295.8 865.2 0.0676 0.0400 0.5913 "BUSCO"
FUN_001315-T1 M896_031080 0.0225 105.5 308.5 0.0010 0.0000 0.0293 0.2652 100.1 292.9 1.8318 0.1000 0.0546 "BUSCO"
FUN_001321-T1 M896_031050 0.0039 633.6 1853.4 0.1461 0.0005 0.0036 0.5068 674.8 1974.2 0.0660 0.0367 0.5558 "BUSCO"
FUN_001370-T1 M896_081000 0.0493 64.2 187.8 0.9116 0.0160 0.0176 0.2447 48.9 143.1 2.1791 0.0946 0.0434 "BUSCO"
FUN_001377-T1 M896_021710 0.0000 97.1 283.9 0.7202 0.0000 0.0000 0.9362 13.8 40.2 0.4709 0.2426 0.5153 "BUSCO"
FUN_001409-T1 M896_011330 0.0135 625.9 1831.1 0.1825 0.0021 0.0115 1.5325 37.4 109.6 0.2946 0.3173 1.0769 "BUSCO"
FUN_001424-T1 M896_011050 0.0719 452.4 1323.6 0.3567 0.0164 0.0461 1.5823 29.8 87.2 0.2921 0.3261 1.1164 "BUSCO"
FUN_001443-T1 M896_050350 0.0173 152.1 444.9 0.1314 0.0021 0.0163 6.0404 10.7 31.3 0.0312 0.2259 7.2428 "BUSCO"
FUN_001472-T1 M896_060710 0.0247 280.5 820.5 0.2425 0.0046 0.0189 0.8337 189.5 554.5 0.1089 0.0901 0.8272 "BUSCO"
FUN_001473-T1 M896_060720 0.0193 247.6 724.4 0.0010 0.0000 0.0252 0.5028 135.3 395.7 0.0280 0.0170 0.6081 "BUSCO"
FUN_001483-T1 M896_120230 0.0133 133.7 391.3 0.0010 0.0000 0.0173 1.9139 74.9 219.1 0.2724 0.3796 1.3937 "BUSCO"
FUN_001500-T1 M896_060650 0.0315 87.9 257.1 0.1194 0.0037 0.0306 0.5377 136.8 400.2 0.1495 0.0732 0.4895 "BUSCO"
FUN_001525-T1 M896_020190 0.0524 814.7 2383.3 0.3825 0.0124 0.0323 0.6512 497.5 1455.5 0.1137 0.0727 0.6394 "BUSCO"
FUN_001538-T1 M896_012480 0.0481 164.3 480.7 0.6355 0.0140 0.0220 1.5440 32.9 96.1 0.3546 0.3516 0.9917 "BUSCO"
FUN_001568-T1 M896_012420 0.1246 286.6 838.4 0.4934 0.0329 0.0667 1.4778 6.1 17.9 0.1485 0.2002 1.3481 "BUSCO"
FUN_001580-T1 M896_012320 0.0070 235.4 688.6 0.2857 0.0014 0.0050 1.7902 38.2 111.8 0.5995 0.5099 0.8506 "BUSCO"
FUN_001617-T1 M896_070170 0.0408 123.0 360.0 0.0570 0.0026 0.0458 1.8981 29.0 85.0 0.2256 0.3376 1.4961 "BUSCO"
FUN_001619-T1 M896_012220 0.0226 295.0 863.0 0.0010 0.0000 0.0295 1.7934 81.0 237.0 0.5679 0.5008 0.8817 "BUSCO"
FUN_001620-T1 M896_010240 0.0206 101.6 297.4 0.0010 0.0000 0.0269 2.2980 43.6 127.4 0.2972 0.4781 1.6083 "BUSCO"
FUN_001624-T1 M896_020570 0.0390 156.7 458.3 0.0010 0.0001 0.0509 1.6065 52.7 154.3 0.7716 0.4979 0.6453 "BUSCO"
FUN_001626-T1 M896_011540 0.0090 102.4 299.6 0.0010 0.0000 0.0117 1.6659 52.7 154.3 0.5530 0.4605 0.8327 "BUSCO"
FUN_001628-T1 M896_012180 0.0158 599.9 1755.1 0.3117 0.0034 0.0108 2.7283 58.1 169.9 0.1365 0.3482 2.5512 "BUSCO"
FUN_001632-T1 M896_012160 0.0095 280.5 820.5 0.0010 0.0000 0.0124 1.8939 94.8 277.2 0.4587 0.4854 1.0582 "BUSCO"
FUN_001725-T1 M896_021500 0.1570 327.1 956.9 0.6869 0.0469 0.0682 2.1593 101.6 297.4 0.3769 0.5064 1.3439 "BUSCO"
FUN_001726-T1 M896_100590 0.0346 276.7 809.3 0.0619 0.0024 0.0384 0.5316 285.8 836.2 0.1039 0.0554 0.5335 "BUSCO"
FUN_001728-T1 M896_091630 0.0219 89.4 261.6 0.0010 0.0000 0.0286 1.8887 28.3 82.7 0.2397 0.3482 1.4527 "BUSCO"
FUN_001731-T1 M896_121650 0.0191 392.8 1149.2 0.1442 0.0025 0.0176 1.8272 123.8 362.2 0.4618 0.4696 1.0170 "BUSCO"
FUN_001735-T1 M896_020150 0.0198 164.3 480.7 0.2837 0.0040 0.0142 0.5142 158.2 462.8 0.1245 0.0614 0.4932 "BUSCO"
FUN_001745-T1 M896_020180 0.0356 96.3 281.7 0.0010 0.0000 0.0464 0.2823 96.3 281.7 2.5833 0.1115 0.0432 "BUSCO"
FUN_001797-T1 M896_020300 0.0000 126.9 371.1 0.0010 0.0000 0.0000 2.1339 14.5 42.5 0.3770 0.5005 1.3279 "BUSCO"
FUN_001838-T1 M896_020480 0.0302 88.7 259.3 0.0010 0.0000 0.0394 1.4067 29.0 85.0 1.0362 0.4731 0.4566 "BUSCO"
FUN_001842-T1 M896_020420 0.0048 505.2 1477.8 0.5029 0.0013 0.0025 1.6342 126.9 371.1 0.5425 0.4484 0.8266 "BUSCO"
FUN_001879-T1 M896_012290 0.0532 160.5 469.5 0.0331 0.0021 0.0634 1.9118 65.7 192.3 0.4101 0.4664 1.1371 "BUSCO"
FUN_001881-T1 M896_120960 0.0228 222.4 650.6 0.1411 0.0030 0.0212 1.8801 87.1 254.9 0.3512 0.4262 1.2133 "BUSCO"
FUN_001940-T1 M896_020060 0.0091 385.2 1126.8 0.0892 0.0008 0.0095 0.6865 380.6 1113.4 0.0776 0.0568 0.7321 "BUSCO"
FUN_001956-T1 M896_020860 0.0102 84.8 248.2 0.0010 0.0000 0.0133 1.7264 16.0 47.0 0.6216 0.4982 0.8015 "BUSCO"
FUN_001966-T1 M896_080930 0.0124 143.7 420.3 0.0010 0.0000 0.0162 0.4861 154.4 451.6 0.0513 0.0284 0.5530 "BUSCO"
FUN_001973-T1 M896_010640 0.0165 254.5 744.5 0.1847 0.0026 0.0140 1.6779 46.6 136.4 0.4881 0.4414 0.9043 "BUSCO"
FUN_001980-T1 M896_020840 0.0451 136.0 398.0 0.0474 0.0025 0.0518 0.4378 118.5 346.5 0.0749 0.0352 0.4698 "BUSCO"
FUN_002005-T1 M896_121790 0.0054 188.0 550.0 0.0010 0.0000 0.0070 2.1678 65.7 192.3 0.3047 0.4569 1.4998 "BUSCO"
FUN_002047-T1 M896_021070 0.0288 580.8 1699.2 0.1519 0.0040 0.0261 1.8347 166.6 487.4 0.9481 0.6031 0.6362 "BUSCO"
FUN_002060-T1 M896_021210 0.0268 103.9 304.1 0.0010 0.0000 0.0349 1.7683 52.0 152.0 0.3521 0.4013 1.1399 "BUSCO"
FUN_002081-T1 M896_020490 0.0360 129.2 377.8 1.3546 0.0129 0.0095 1.6677 42.0 123.0 0.4118 0.4076 0.9897 "BUSCO"
FUN_002086-T1 M896_021190 0.0320 344.7 1008.3 0.0010 0.0000 0.0417 1.5075 104.7 306.3 0.6245 0.4357 0.6977 "BUSCO"
FUN_002088-T1 M896_021180 0.0230 580.1 1696.9 0.2664 0.0045 0.0169 1.6433 146.0 427.0 0.4627 0.4227 0.9136 "BUSCO"
FUN_002089-T1 M896_021170 0.0205 496.0 1451.0 0.0575 0.0013 0.0229 1.6305 44.3 129.7 0.3531 0.3706 1.0494 "BUSCO"
FUN_002117-T1 M896_021380 0.0931 363.8 1064.2 0.6568 0.0274 0.0417 1.5700 89.4 261.6 0.4524 0.4000 0.8842 "BUSCO"
FUN_002126-T1 M896_021060 0.0200 555.6 1625.4 0.1229 0.0024 0.0193 1.4430 78.7 230.3 0.6449 0.4218 0.6541 "BUSCO"
FUN_002137-T1 M896_031120 0.0234 152.1 444.9 0.0010 0.0000 0.0306 0.4393 149.0 436.0 0.0716 0.0340 0.4752 "BUSCO"
FUN_002144-T1 M896_021430 0.0158 587.7 1719.3 0.2245 0.0028 0.0125 2.1917 107.0 313.0 0.3652 0.5064 1.3865 "BUSCO"
FUN_002149-T1 M896_091310 0.0000 248.4 726.6 0.8456 0.0000 0.0000 0.5933 243.0 711.0 0.1357 0.0754 0.5558 "BUSCO"
FUN_002174-T1 M896_011920 0.0097 270.5 791.5 0.1314 0.0012 0.0092 1.7543 148.3 433.7 0.4581 0.4494 0.9809 "BUSCO"
FUN_002178-T1 M896_011860 0.0487 373.7 1093.3 0.4594 0.0125 0.0272 1.5000 76.4 223.6 0.5681 0.4189 0.7373 "BUSCO"
FUN_002180-T1 M896_011890 0.0084 398.9 1167.1 0.2635 0.0016 0.0062 1.3736 66.5 194.5 0.5523 0.3795 0.6871 "BUSCO"
FUN_002217-T1 M896_011500 0.0137 248.4 726.6 0.1084 0.0015 0.0136 1.7686 93.2 272.8 0.6316 0.5133 0.8126 "BUSCO"
FUN_002252-T1 M896_010760 0.0329 585.4 1712.6 0.0612 0.0022 0.0366 1.7623 113.9 333.1 0.4354 0.4416 1.0141 "BUSCO"
FUN_002280-T1 M896_051480 0.0248 557.1 1629.9 0.3041 0.0052 0.0172 0.7217 665.7 1947.3 0.1756 0.1095 0.6239 "BUSCO"
FUN_002308-T1 M896_020500 0.0133 397.4 1162.6 0.1320 0.0017 0.0125 1.7645 59.6 174.4 0.3597 0.4047 1.1249 "BUSCO"
FUN_002323-T1 M896_050720 0.0565 211.7 619.3 2.5760 0.0223 0.0087 0.5726 160.5 469.5 0.0946 0.0555 0.5869 "BUSCO"
FUN_002341-T1 M896_060770 0.0173 362.3 1059.7 0.1043 0.0018 0.0173 0.5557 366.1 1070.9 0.0600 0.0371 0.6187 "BUSCO"
FUN_002342-T1 M896_100090 0.0298 362.3 1059.7 0.2366 0.0054 0.0230 0.6837 324.8 950.2 0.1457 0.0914 0.6273 "BUSCO"
FUN_002362-T1 M896_011620 0.0181 167.4 489.6 0.0010 0.0000 0.0237 1.9722 20.6 60.4 0.3390 0.4392 1.2956 "BUSCO"
FUN_002369-T1 M896_011580 0.0271 197.9 579.1 1.5185 0.0099 0.0065 1.6721 113.1 330.9 0.4341 0.4184 0.9639 "BUSCO"
FUN_002372-T1 M896_011570 0.0277 687.8 2012.2 0.2192 0.0048 0.0221 1.2545 81.0 237.0 0.6179 0.3613 0.5847 "BUSCO"
FUN_002396-T1 M896_060330 0.0512 52.7 154.3 0.1304 0.0063 0.0485 0.3052 52.7 154.3 2.6711 0.1210 0.0453 "BUSCO"
FUN_002397-T1 M896_030160 0.0385 120.8 353.2 0.1533 0.0053 0.0348 0.4755 121.5 355.5 0.0330 0.0187 0.5673 "BUSCO"
FUN_002484-T1 M896_121250 0.0178 1212.1 3545.9 0.3115 0.0038 0.0122 1.5599 37.4 109.6 0.2711 0.3086 1.1383 "BUSCO"
FUN_002499-T1 M896_121160 0.0172 472.3 1381.7 0.0010 0.0000 0.0224 1.7664 139.1 406.9 0.5159 0.4752 0.9211 "BUSCO"
FUN_002506-T1 M896_121190 0.0222 288.1 842.9 0.7102 0.0067 0.0094 1.7407 55.0 161.0 0.4974 0.4615 0.9277 "BUSCO"
FUN_002525-T1 M896_121030 0.0167 113.1 330.9 0.0010 0.0000 0.0217 1.4073 34.4 100.6 0.4888 0.3704 0.7578 "BUSCO"
FUN_002531-T1 M896_080960 0.0033 275.1 804.9 0.0010 0.0000 0.0044 0.5930 264.4 773.6 0.0751 0.0478 0.6362 "BUSCO"
FUN_002548-T1 M896_120100 0.0162 798.7 2336.3 0.0698 0.0012 0.0176 2.0173 98.6 288.4 0.3056 0.4259 1.3937 "BUSCO"
FUN_002557-T1 M896_120040 0.0154 664.9 1945.1 0.0264 0.0005 0.0187 1.8266 28.3 82.7 0.2125 0.3132 1.4738 "BUSCO"
FUN_002565-T1 M896_091900 0.0194 125.3 366.7 0.1530 0.0027 0.0175 1.5040 29.8 87.2 0.5437 0.4130 0.7596 "BUSCO"
FUN_002569-T1 M896_090340 0.0287 163.6 478.4 0.0010 0.0000 0.0374 0.6419 162.8 476.2 0.0350 0.0267 0.7618 "BUSCO"
FUN_002573-T1 M896_030620 0.0139 281.2 822.8 0.0010 0.0000 0.0181 0.7111 268.3 784.7 0.1392 0.0920 0.6613 "BUSCO"
FUN_002575-T1 M896_040980 0.0305 209.4 612.6 0.1015 0.0031 0.0307 2.3982 23.7 69.3 0.1439 0.3178 2.2082 "BUSCO"
FUN_002584-T1 M896_090740 0.0250 602.2 1761.8 0.2191 0.0044 0.0199 1.7634 85.6 250.4 0.5395 0.4828 0.8949 "BUSCO"
FUN_002585-T1 M896_030400 0.0054 313.3 916.7 0.0010 0.0000 0.0071 0.4432 317.2 927.8 0.0234 0.0127 0.5428 "BUSCO"
FUN_002586-T1 M896_091090 0.0189 425.7 1245.3 0.0010 0.0000 0.0246 0.5132 422.6 1236.4 0.0461 0.0273 0.5916 "BUSCO"
FUN_002618-T1 M896_110240 0.0213 840.7 2459.3 0.1633 0.0031 0.0188 0.7556 752.0 2200.0 0.1668 0.1108 0.6645 "BUSCO"
FUN_002623-T1 M896_040840 0.0186 239.2 699.8 0.1649 0.0027 0.0165 0.5955 188.0 550.0 0.0588 0.0391 0.6649 "BUSCO"
FUN_002632-T1 M896_041040 0.0301 392.8 1149.2 0.2140 0.0052 0.0243 2.7403 55.8 163.2 0.1764 0.4172 2.3650 "BUSCO"
FUN_002635-T1 M896_040920 0.0168 211.7 619.3 0.0892 0.0016 0.0174 0.4565 211.7 619.3 0.0255 0.0141 0.5559 "BUSCO"
FUN_002643-T1 M896_030450 0.0152 170.4 498.6 0.1339 0.0019 0.0143 0.5537 166.6 487.4 0.0989 0.0556 0.5620 "BUSCO"
FUN_002647-T1 M896_030430 0.0095 284.3 831.7 0.0010 0.0000 0.0124 0.7007 281.2 822.8 0.1551 0.0978 0.6306 "BUSCO"
FUN_002651-T1 M896_040870 0.0453 178.1 520.9 0.1271 0.0055 0.0432 0.5217 198.7 581.3 0.0724 0.0408 0.5634 "BUSCO"
FUN_002658-T1 M896_081310 0.0602 531.2 1553.8 0.3958 0.0144 0.0365 0.5470 423.4 1238.6 0.0914 0.0516 0.5647 "BUSCO"
FUN_002660-T1 M896_040900 0.0039 185.7 543.3 99.0000 0.0018 0.0000 0.4662 184.2 538.8 0.1373 0.0597 0.4352 "BUSCO"
FUN_002671-T1 M896_040670 0.0256 269.0 787.0 0.0406 0.0012 0.0300 1.7338 73.4 214.6 0.3928 0.4146 1.0556 "BUSCO"
FUN_002676-T1 M896_051420 0.0081 308.8 903.2 0.0010 0.0000 0.0106 0.4225 304.9 892.1 0.0122 0.0065 0.5338 "BUSCO"
FUN_002678-T1 M896_040750 0.0244 716.9 2097.1 0.1750 0.0037 0.0211 0.5960 606.1 1772.9 0.0606 0.0402 0.6623 "BUSCO"
FUN_002690-T1 M896_040620 0.0111 178.8 523.2 0.0010 0.0000 0.0144 2.7711 42.8 125.2 0.2585 0.5337 2.0647 "BUSCO"
FUN_002691-T1 M896_040610 0.0150 254.5 744.5 0.0791 0.0013 0.0160 1.5470 32.1 93.9 0.7327 0.4718 0.6440 "BUSCO"
FUN_002698-T1 M896_030370 0.0059 305.7 894.3 0.0010 0.0000 0.0077 0.4783 318.7 932.3 0.0434 0.0241 0.5554 "BUSCO"
FUN_002701-T1 M896_041060 0.0146 187.2 547.8 0.0010 0.0000 0.0190 1.8645 65.0 190.0 0.3745 0.4360 1.1641 "BUSCO"
FUN_002702-T1 M896_041070 0.1217 271.3 793.7 0.9210 0.0397 0.0431 1.5319 55.8 163.2 0.2894 0.3141 1.0854 "BUSCO"
FUN_002703-T1 M896_041080 0.0367 127.6 373.4 0.0010 0.0000 0.0479 1.6467 52.7 154.3 0.3463 0.3706 1.0704 "BUSCO"
FUN_002704-T1 M896_041090 0.0074 121.5 355.5 0.0010 0.0000 0.0097 2.0220 30.6 89.4 0.2161 0.3503 1.6209 "BUSCO"
FUN_002709-T1 M896_041120 0.0153 163.6 478.4 0.1453 0.0020 0.0141 1.3134 32.1 93.9 0.5891 0.3718 0.6310 "BUSCO"
FUN_002763-T1 M896_010520 0.0275 418.0 1223.0 0.1172 0.0031 0.0268 1.6960 66.5 194.5 0.3438 0.3804 1.1064 "BUSCO"
FUN_002787-T1 M896_010550 0.0058 325.6 952.4 0.0010 0.0000 0.0076 1.6561 120.8 353.2 0.4750 0.4307 0.9069 "BUSCO"
FUN_002788-T1 M896_011810 0.0049 366.8 1073.2 0.0010 0.0000 0.0064 1.6209 53.5 156.5 0.3267 0.3543 1.0844 "BUSCO"
FUN_002792-T1 M896_010580 0.0180 343.2 1003.8 0.0010 0.0000 0.0235 1.2235 20.6 60.4 0.5047 0.3263 0.6465 "BUSCO"
FUN_002800-T1 M896_010600 0.0089 110.8 324.2 0.0010 0.0000 0.0116 1.7892 50.4 147.6 0.2541 0.3412 1.3430 "BUSCO"
FUN_002819-T1 M896_010360 0.0000 140.6 411.4 0.8735 0.0000 0.0000 1.8252 35.9 105.1 0.3954 0.4378 1.1073 "BUSCO"
FUN_002830-T1 M896_010320 0.0060 288.1 842.9 0.0010 0.0000 0.0078 1.6792 71.8 210.2 0.6314 0.4872 0.7717 "BUSCO"
FUN_002841-T1 M896_011760 0.0276 608.3 1779.7 0.1853 0.0043 0.0234 2.0326 15.3 44.7 0.1992 0.3348 1.6803 "BUSCO"
FUN_002858-T1 M896_010220 0.0043 226.2 661.8 0.0010 0.0000 0.0056 2.0594 29.0 85.0 0.3320 0.4538 1.3670 "BUSCO"
FUN_002865-T1 M896_010230 0.0000 207.1 605.9 0.6795 0.0000 0.0000 1.5318 49.7 145.3 0.7868 0.4776 0.6070 "BUSCO"
FUN_002866-T1 M896_010290 0.0072 141.4 413.6 0.0010 0.0000 0.0094 1.8990 33.6 98.4 0.3896 0.4524 1.1612 "BUSCO"
FUN_002870-T1 M896_060970 0.0000 439.4 1285.6 0.8331 0.0000 0.0000 0.6746 406.6 1189.4 0.0560 0.0425 0.7584 "BUSCO"
FUN_002925-T1 M896_121860 0.0072 129.2 377.8 0.0010 0.0000 0.0094 1.9957 38.2 111.8 0.2710 0.3947 1.4566 "BUSCO"
FUN_002944-T1 M896_051410 0.0196 432.6 1265.4 0.0328 0.0008 0.0234 0.6045 398.9 1167.1 0.0996 0.0610 0.6126 "BUSCO"
FUN_002987-T1 M896_020800 0.0176 518.9 1518.1 0.0298 0.0006 0.0212 1.6682 65.0 190.0 0.5978 0.4747 0.7941 "BUSCO"
FUN_002998-T1 M896_010960 0.0018 517.4 1513.6 0.0010 0.0000 0.0023 1.6487 153.6 449.4 0.6652 0.4871 0.7323 "BUSCO"
FUN_003022-T1 M896_070110 0.0073 237.7 695.3 0.0010 0.0000 0.0095 1.7259 42.0 123.0 0.3648 0.3985 1.0924 "BUSCO"
FUN_003023-T1 M896_070100 0.0058 128.4 375.6 99.0000 0.0026 0.0000 1.7435 38.2 111.8 0.5256 0.4725 0.8990 "BUSCO"
FUN_003044-T1 M896_070090 0.0128 115.4 337.6 99.0000 0.0057 0.0001 1.9440 18.3 53.7 0.5858 0.5491 0.9374 "BUSCO"
FUN_003045-T1 M896_081660 0.0290 136.8 400.2 0.0010 0.0000 0.0378 1.7202 75.7 221.3 0.4308 0.4290 0.9958 "BUSCO"
FUN_003054-T1 M896_100380 0.0199 207.1 605.9 0.3984 0.0048 0.0120 0.6960 188.0 550.0 0.1148 0.0783 0.6817 "BUSCO"
FUN_003112-T1 M896_060850 0.0190 452.4 1323.6 0.2534 0.0036 0.0143 0.5827 423.4 1238.6 0.1030 0.0604 0.5858 "BUSCO"
FUN_003147-T1 M896_090310 0.0087 92.5 270.5 0.0010 0.0000 0.0114 0.3854 122.3 357.7 0.0581 0.0251 0.4310 "BUSCO"
FUN_003154-T1 M896_090270 0.0207 89.4 261.6 0.0010 0.0000 0.0270 0.5148 87.1 254.9 0.0380 0.0230 0.6063 "BUSCO"
FUN_003168-T1 M896_021880 0.0323 128.4 375.6 0.3891 0.0077 0.0198 1.8046 49.7 145.3 0.4605 0.4633 1.0059 "BUSCO"
FUN_003171-T1 M896_011390 0.0219 314.9 921.1 0.0936 0.0021 0.0225 1.7387 72.6 212.4 0.4926 0.4591 0.9319 "BUSCO"
FUN_003175-T1 M896_050140 0.0130 254.5 744.5 0.0987 0.0013 0.0132 2.1259 66.5 194.5 0.3067 0.4497 1.4661 "BUSCO"
FUN_003187-T1 M896_120770 0.0194 327.1 956.9 0.1018 0.0020 0.0196 1.7198 99.4 290.6 0.3539 0.3913 1.1057 "BUSCO"
FUN_003189-T1 M896_090200 0.0222 304.2 889.8 0.0417 0.0011 0.0259 0.5348 286.6 838.4 0.0711 0.0412 0.5793 "BUSCO"
FUN_003192-T1 M896_041170 0.0109 155.1 453.9 0.2565 0.0021 0.0081 1.9495 21.4 62.6 0.2077 0.3296 1.5867 "BUSCO"
FUN_003199-T1 M896_090210 0.0109 248.4 726.6 0.1293 0.0013 0.0103 0.4580 229.3 670.7 0.0478 0.0251 0.5258 "BUSCO"
FUN_003207-T1 M896_090190 0.0403 373.0 1091.0 0.8711 0.0129 0.0148 0.6157 280.5 820.5 0.1046 0.0645 0.6168 "BUSCO"
FUN_003212-T1 M896_090180 0.0133 204.1 596.9 0.0010 0.0000 0.0174 0.6362 223.2 652.8 0.0937 0.0612 0.6534 "BUSCO"
FUN_003233-T1 M896_040440 0.0284 881.2 2577.8 0.3805 0.0067 0.0176 1.5705 34.4 100.6 0.3127 0.3356 1.0731 "BUSCO"
FUN_003250-T1 M896_051620 0.0220 236.9 693.1 0.1344 0.0028 0.0207 0.4622 216.3 632.7 0.0711 0.0356 0.5006 "BUSCO"
FUN_003260-T1 M896_090050 0.0158 422.6 1236.4 0.0419 0.0008 0.0185 0.5015 327.1 956.9 0.0459 0.0266 0.5785 "BUSCO"
FUN_003268-T1 M896_020130 0.0182 183.4 536.6 0.2631 0.0035 0.0135 1.6733 19.9 58.1 0.2910 0.3441 1.1827 "BUSCO"
FUN_003280-T1 M896_011400 0.0368 240.7 704.3 0.0010 0.0000 0.0480 1.6481 61.9 181.1 0.3736 0.3849 1.0304 "BUSCO"
FUN_003326-T1 M896_090450 0.0414 219.3 641.7 0.1081 0.0045 0.0412 0.6410 366.1 1070.9 0.0873 0.0583 0.6681 "BUSCO"
FUN_003334-T1 M896_060610 0.0235 185.0 541.0 0.0704 0.0018 0.0256 0.4656 182.7 534.3 0.0666 0.0339 0.5099 "BUSCO"
FUN_003343-T1 M896_060090 0.0249 489.9 1433.1 0.0762 0.0020 0.0267 0.6271 480.0 1404.0 0.1065 0.0666 0.6256 "BUSCO"
FUN_003355-T1 M896_050550 0.0108 404.3 1182.7 0.0010 0.0000 0.0141 0.3862 390.5 1142.5 0.0493 0.0218 0.4417 "BUSCO"
FUN_003357-T1 M896_090730 0.0104 178.8 523.2 0.0010 0.0000 0.0136 2.2756 42.0 123.0 0.2211 0.3997 1.8082 "BUSCO"
FUN_003373-T1 M896_051950 0.0271 136.0 398.0 0.0861 0.0024 0.0283 1.6732 48.9 143.1 0.4598 0.4293 0.9336 "BUSCO"
FUN_003376-T1 M896_012350 0.0229 432.6 1265.4 0.4873 0.0060 0.0124 2.2359 58.8 172.2 0.3815 0.5275 1.3825 "BUSCO"
FUN_003429-T1 M896_110230 0.0449 619.8 1813.2 0.0786 0.0038 0.0478 0.5570 530.4 1551.6 0.0279 0.0188 0.6738 "BUSCO"
FUN_003430-T1 M896_100510 0.0034 286.6 838.4 0.0010 0.0000 0.0044 0.6424 266.0 778.0 0.1327 0.0804 0.6055 "BUSCO"
FUN_003452-T1 M896_051570 0.0065 112.3 328.7 99.0000 0.0029 0.0000 0.6619 119.2 348.8 0.1017 0.0679 0.6674 "BUSCO"
FUN_003453-T1 M896_052180 0.0533 363.0 1062.0 0.6215 0.0154 0.0247 0.6183 421.9 1234.1 0.1212 0.0724 0.5973 "BUSCO"
FUN_003456-T1 M896_110290 0.0058 301.9 883.1 0.0010 0.0000 0.0076 0.4864 298.8 874.2 0.0035 0.0022 0.6298 "BUSCO"
FUN_003459-T1 M896_060450 0.0326 559.4 1636.6 0.3187 0.0070 0.0221 0.6314 585.4 1712.6 0.0878 0.0577 0.6572 "BUSCO"
FUN_003466-T1 M896_021750 0.0114 332.5 972.5 0.0808 0.0010 0.0120 1.6416 33.6 98.4 0.2541 0.3130 1.2321 "BUSCO"
FUN_003477-T1 M896_052150 0.0085 170.4 498.6 99.0000 0.0038 0.0000 0.6116 334.0 977.0 0.1013 0.0625 0.6173 "BUSCO"
FUN_003478-T1 M896_080850 0.0260 165.1 482.9 0.1823 0.0041 0.0222 0.6153 162.8 476.2 0.0742 0.0491 0.6616 "BUSCO"
FUN_003479-T1 M896_110180 0.0191 356.1 1041.9 0.2549 0.0037 0.0143 0.7616 424.9 1243.1 0.1551 0.1063 0.6855 "BUSCO"
FUN_003487-T1 M896_090660 0.0134 268.3 784.7 0.0010 0.0000 0.0175 1.7294 26.0 76.0 0.3463 0.3893 1.1241 "BUSCO"
FUN_003490-T1 M896_050740 0.0295 449.4 1314.6 0.0963 0.0029 0.0301 0.4399 416.5 1218.5 0.0767 0.0361 0.4700 "BUSCO"
FUN_003491-T1 M896_110140 0.0173 452.4 1323.6 0.1330 0.0022 0.0163 0.4901 441.0 1290.0 0.1038 0.0511 0.4919 "BUSCO"
FUN_003497-T1 M896_051730 0.0342 267.5 782.5 0.4231 0.0085 0.0200 0.7078 197.2 576.8 0.1175 0.0810 0.6892 "BUSCO"
FUN_003516-T1 M896_110050 0.0392 253.0 740.0 0.0593 0.0026 0.0437 0.5996 243.0 711.0 0.1231 0.0710 0.5768 "BUSCO"
FUN_003517-T1 M896_110070 0.0027 333.2 974.8 0.0010 0.0000 0.0035 2.1225 75.7 221.3 0.3073 0.4494 1.4625 "BUSCO"
FUN_003520-T1 M896_040350 0.0160 174.3 509.7 0.1190 0.0018 0.0155 1.7080 32.1 93.9 0.4348 0.4277 0.9836 "BUSCO"
FUN_003574-T1 M896_080270 0.0136 207.1 605.9 0.0010 0.0000 0.0178 0.4144 207.1 605.9 0.0359 0.0176 0.4907 "BUSCO"
FUN_003617-T1 M896_041630 0.0074 217.8 637.2 0.3019 0.0015 0.0051 0.6049 247.6 724.4 0.0812 0.0519 0.6395 "BUSCO"
FUN_003618-T1 M896_120560 0.0227 269.8 789.2 0.1084 0.0024 0.0226 2.1106 52.0 152.0 0.2075 0.3566 1.7185 "BUSCO"
FUN_003630-T1 M896_080380 0.0193 96.3 281.7 0.0010 0.0000 0.0252 50.0000 10.7 31.3 0.0029 0.1870 64.8759 "BUSCO"
FUN_003631-T1 M896_080360 0.0134 693.2 2027.8 0.0010 0.0000 0.0175 0.5121 688.6 2014.4 0.0531 0.0308 0.5800 "BUSCO"
FUN_003633-T1 M896_080120 0.0000 110.8 324.2 0.0010 0.0000 0.0000 2.7884 22.9 67.1 0.2789 0.5604 2.0091 "BUSCO"
FUN_003695-T1 M896_080110 0.0054 298.8 874.2 0.2943 0.0011 0.0038 0.4303 298.1 871.9 0.0256 0.0134 0.5238 "BUSCO"
FUN_003718-T1 M896_060470 0.0455 476.9 1395.1 0.2336 0.0083 0.0353 0.6891 487.6 1426.4 0.1620 0.0991 0.6118 "BUSCO"
FUN_003739-T1 M896_012270 0.0470 492.2 1439.8 0.3261 0.0103 0.0315 1.4864 103.2 301.8 0.4198 0.3665 0.8729 "BUSCO"
FUN_003752-T1 M896_052020 0.0093 154.4 451.6 99.0000 0.0042 0.0000 1.4973 52.0 152.0 0.4786 0.3907 0.8163 "BUSCO"
FUN_003767-T1 M896_051220 0.0280 142.9 418.1 0.5374 0.0076 0.0142 0.5198 124.6 364.4 0.1479 0.0702 0.4747 "BUSCO"
FUN_003773-T1 M896_041530 0.0114 178.8 523.2 0.0010 0.0000 0.0148 2.1000 42.0 123.0 0.3116 0.4479 1.4374 "BUSCO"
FUN_003774-T1 M896_021420 0.0248 240.7 704.3 0.0494 0.0014 0.0283 1.9624 110.8 324.2 0.4843 0.5146 1.0624 "BUSCO"
FUN_003791-T1 M896_120430 0.0166 222.4 650.6 0.0010 0.0000 0.0216 1.9014 88.7 259.3 0.7852 0.5925 0.7546 "BUSCO"
FUN_003809-T1 M896_080710 0.0202 193.4 565.6 0.0829 0.0018 0.0213 0.3871 191.1 558.9 0.0355 0.0163 0.4589 "BUSCO"
FUN_003815-T1 M896_080720 0.0416 404.3 1182.7 0.5178 0.0112 0.0217 0.5884 297.3 869.7 0.1280 0.0717 0.5602 "BUSCO"
FUN_003816-T1 M896_080730 0.0190 282.0 825.0 0.0545 0.0012 0.0215 0.6014 305.7 894.3 0.0888 0.0555 0.6247 "BUSCO"
FUN_003844-T1 M896_080790 0.0117 204.1 596.9 0.5523 0.0032 0.0059 0.5374 201.8 590.2 0.1187 0.0619 0.5219 "BUSCO"
FUN_003846-T1 M896_080770 0.0364 238.4 697.6 0.0699 0.0028 0.0395 0.4628 250.7 733.3 0.0567 0.0294 0.5194 "BUSCO"
FUN_003900-T1 M896_080870 0.0296 286.6 838.4 0.2600 0.0057 0.0220 0.7315 319.5 934.5 0.1352 0.0927 0.6858 "BUSCO"
FUN_003901-T1 M896_080880 0.0209 358.4 1048.6 0.3257 0.0046 0.0140 0.6297 281.2 822.8 0.0756 0.0510 0.6746 "BUSCO"
FUN_003937-T1 M896_091590 0.0238 389.0 1138.0 0.3047 0.0050 0.0165 1.7779 39.7 116.3 0.2545 0.3394 1.3335 "BUSCO"
FUN_003948-T1 M896_091550 0.0041 181.1 529.9 99.0000 0.0018 0.0000 1.2542 25.2 73.8 0.4628 0.3227 0.6972 "BUSCO"
FUN_003985-T1 M896_110030 0.0124 347.7 1017.3 0.1800 0.0019 0.0106 0.6492 344.7 1008.3 0.0627 0.0450 0.7178 "BUSCO"
FUN_003988-T1 M896_011270 0.0439 103.9 304.1 0.0010 0.0001 0.0573 1.8899 51.2 149.8 0.3963 0.4539 1.1452 "BUSCO"
FUN_003998-T1 M896_091340 0.0000 76.4 223.6 0.0010 0.0000 0.0000 0.6879 75.7 221.3 0.0516 0.0403 0.7820 "BUSCO"
FUN_004000-T1 M896_081140 0.0130 296.5 867.5 1.0346 0.0044 0.0042 0.6467 279.7 818.3 0.1576 0.0913 0.5792 "BUSCO"
FUN_004032-T1 M896_091100 0.0153 619.8 1813.2 0.1527 0.0021 0.0138 0.6294 625.2 1828.8 0.1069 0.0671 0.6274 "BUSCO"
FUN_004054-T1 M896_040120 0.0190 269.8 789.2 0.1399 0.0025 0.0176 2.3018 100.9 295.1 0.2575 0.4424 1.7177 "BUSCO"
FUN_004067-T1 M896_091190 0.0203 743.6 2175.4 0.1384 0.0026 0.0189 0.6459 711.5 2081.5 0.1510 0.0885 0.5862 "BUSCO"
FUN_004070-T1 M896_091060 0.0000 110.1 321.9 0.8296 0.0000 0.0000 0.4578 113.9 333.1 0.0385 0.0207 0.5384 "BUSCO"
FUN_004075-T1 M896_091080 0.0094 379.1 1108.9 0.0010 0.0000 0.0123 0.5844 378.3 1106.7 0.0212 0.0152 0.7200 "BUSCO"
FUN_004107-T1 M896_090880 0.0139 138.3 404.7 0.0010 0.0000 0.0181 1.2032 5.3 15.7 99.0000 0.5363 0.0054 "BUSCO"
FUN_004109-T1 M896_090870 0.0296 313.3 916.7 0.2434 0.0055 0.0226 1.3012 29.0 85.0 0.5627 0.3620 0.6435 "BUSCO"
FUN_004113-T1 M896_090850 0.0044 201.8 590.2 0.0010 0.0000 0.0058 1.8860 35.2 102.8 0.3952 0.4523 1.1445 "BUSCO"
FUN_004116-T1 M896_090840 0.0128 128.4 375.6 0.2737 0.0025 0.0093 1.9155 59.6 174.4 0.3813 0.4518 1.1848 "BUSCO"
FUN_004118-T1 M896_090830 0.0050 201.8 590.2 0.0010 0.0000 0.0066 1.5724 114.6 335.4 0.9039 0.5103 0.5645 "BUSCO"
FUN_004119-T1 M896_090810 0.0127 262.1 766.9 0.0985 0.0013 0.0129 1.6363 61.9 181.1 0.6738 0.4855 0.7206 "BUSCO"
FUN_004121-T1 M896_040740 0.0151 202.5 592.5 0.0010 0.0000 0.0197 0.6958 201.8 590.2 0.1218 0.0817 0.6713 "BUSCO"
FUN_004123-T1 M896_090710 0.0441 240.0 702.0 0.1302 0.0054 0.0418 1.7742 25.2 73.8 0.3889 0.4223 1.0859 "BUSCO"
FUN_004130-T1 M896_120090 0.0090 183.4 536.6 0.2752 0.0018 0.0066 1.5212 19.9 58.1 0.6316 0.4415 0.6990 "BUSCO"
FUN_004145-T1 M896_100370 0.0242 250.7 733.3 0.1084 0.0026 0.0241 0.6342 258.3 755.7 0.0734 0.0502 0.6831 "BUSCO"
FUN_004150-T1 M896_090690 0.0072 126.9 371.1 0.0010 0.0000 0.0095 1.3969 39.0 114.0 0.4811 0.3653 0.7593 "BUSCO"
FUN_004162-T1 M896_091160 0.0296 109.3 319.7 0.1038 0.0031 0.0297 0.5208 111.6 326.4 0.0292 0.0183 0.6278 "BUSCO"
FUN_004170-T1 M896_050630 0.0269 766.6 2242.4 0.2520 0.0051 0.0203 0.8061 502.9 1471.1 0.1953 0.1311 0.6712 "BUSCO"
FUN_004173-T1 M896_090630 0.0054 134.5 393.5 99.0000 0.0024 0.0000 50.0000 14.5 42.5 0.0066 0.4255 64.1782 "BUSCO"
FUN_004179-T1 M896_120070 0.0208 190.3 556.7 0.0763 0.0017 0.0222 1.6848 28.3 82.7 0.3079 0.3571 1.1599 "BUSCO"
FUN_004190-T1 M896_060120 0.0132 361.5 1057.5 0.0622 0.0009 0.0146 0.6679 366.1 1070.9 0.1066 0.0710 0.6662 "BUSCO"
FUN_004192-T1 M896_030320 0.0128 517.4 1513.6 0.2776 0.0026 0.0092 0.4922 522.0 1527.0 0.0468 0.0265 0.5664 "BUSCO"
FUN_004214-T1 M896_051780 0.0048 374.5 1095.5 0.0010 0.0000 0.0063 0.4590 373.0 1091.0 0.0565 0.0291 0.5154 "BUSCO"
FUN_004217-T1 M896_121870 0.0224 817.0 2390.0 0.2651 0.0044 0.0165 1.9821 121.5 355.5 0.4505 0.5041 1.1189 "BUSCO"
FUN_004227-T1 M896_021560 0.0122 318.7 932.3 1.0176 0.0041 0.0040 2.0541 70.3 205.7 0.2752 0.4098 1.4890 "BUSCO"
FUN_004236-T1 M896_060920 0.0159 773.4 2262.6 0.1460 0.0021 0.0146 0.5545 758.1 2217.9 0.0777 0.0460 0.5912 "BUSCO"
FUN_004278-T1 M896_090480 0.0126 308.8 903.2 1.0674 0.0043 0.0040 0.7211 324.0 948.0 0.1077 0.0773 0.7175 "BUSCO"
FUN_004280-T1 M896_121300 0.0097 640.4 1873.6 0.0010 0.0000 0.0127 1.9027 45.1 131.9 0.2319 0.3440 1.4834 "BUSCO"
FUN_004286-T1 M896_050870 0.0083 123.8 362.2 0.0010 0.0000 0.0108 1.8729 30.6 89.4 0.3364 0.4155 1.2352 "BUSCO"
FUN_004287-T1 M896_050800 0.0284 454.0 1328.0 0.1401 0.0037 0.0263 0.5864 463.9 1357.1 0.0865 0.0529 0.6124 "BUSCO"
FUN_004290-T1 M896_050750 0.0082 209.4 612.6 0.0010 0.0000 0.0107 0.3550 214.0 626.0 1.9579 0.1352 0.0690 "BUSCO"
FUN_004295-T1 M896_051250 0.0174 662.6 1938.4 0.0231 0.0005 0.0214 0.6167 622.1 1819.9 0.0875 0.0562 0.6425 "BUSCO"
FUN_004300-T1 M896_051350 0.0112 382.1 1117.9 0.1767 0.0017 0.0097 0.5766 385.2 1126.8 0.0445 0.0297 0.6675 "BUSCO"
FUN_004304-T1 M896_050760 0.0041 178.1 520.9 99.0000 0.0018 0.0000 0.5260 175.0 512.0 0.0873 0.0479 0.5483 "BUSCO"
FUN_004307-T1 M896_011550 0.0174 283.5 829.5 0.4903 0.0046 0.0094 1.6588 35.9 105.1 0.5906 0.4699 0.7957 "BUSCO"
FUN_004314-T1 M896_091440 0.0028 334.7 979.3 0.0010 0.0000 0.0037 0.5969 330.9 968.1 0.0980 0.0595 0.6071 "BUSCO"
FUN_004325-T1 M896_050450 0.0116 209.4 612.6 0.5038 0.0031 0.0062 1.7817 68.8 201.2 0.3148 0.3820 1.2138 "BUSCO"
FUN_004328-T1 M896_051040 0.0185 411.2 1202.8 0.0010 0.0000 0.0241 0.4942 384.4 1124.6 0.0665 0.0360 0.5413 "BUSCO"
FUN_004339-T1 M896_051130 0.0157 178.8 523.2 0.0010 0.0000 0.0205 0.5812 175.8 514.2 0.0568 0.0370 0.6521 "BUSCO"
FUN_004346-T1 M896_050380 0.0168 308.0 901.0 0.1369 0.0021 0.0157 1.7213 60.4 176.6 0.3870 0.4088 1.0564 "BUSCO"
FUN_004347-T1 M896_051060 0.0234 277.4 811.6 0.0463 0.0012 0.0269 0.5904 269.8 789.2 0.0204 0.0148 0.7291 "BUSCO"
FUN_004354-T1 M896_040720 0.0081 279.7 818.3 2.7507 0.0032 0.0012 2.9082 39.7 116.3 0.1322 0.3628 2.7439 "BUSCO"
FUN_004356-T1 M896_051200 0.0041 235.4 688.6 0.0010 0.0000 0.0054 0.6429 270.5 791.5 0.1055 0.0678 0.6429 "BUSCO"
FUN_004360-T1 M896_121280 0.0000 90.2 263.8 0.9664 0.0000 0.0000 1.4913 37.4 109.6 0.1660 0.2180 1.3136 "BUSCO"
FUN_004361-T1 M896_051230 0.0520 61.1 178.9 0.8750 0.0167 0.0191 0.3079 79.5 232.5 0.0110 0.0043 0.3902 "BUSCO"
FUN_004363-T1 M896_051240 0.0155 117.7 344.3 0.0010 0.0000 0.0202 0.6645 133.0 389.0 0.0543 0.0407 0.7502 "BUSCO"
FUN_004368-T1 M896_050680 0.0114 692.4 2025.6 0.1309 0.0014 0.0108 0.6123 669.5 1958.5 0.0519 0.0361 0.6955 "BUSCO"
FUN_004370-T1 M896_050850 0.0133 123.8 362.2 0.2730 0.0026 0.0096 0.4687 119.2 348.8 0.1031 0.0486 0.4712 "BUSCO"
FUN_004372-T1 M896_050840 0.0000 582.4 1703.6 0.8232 0.0000 0.0000 0.5526 587.0 1717.0 0.0493 0.0311 0.6320 "BUSCO"
FUN_004377-T1 M896_050050 0.0121 350.0 1024.0 0.3594 0.0028 0.0077 1.4800 56.6 165.4 0.3673 0.3429 0.9335 "BUSCO"
FUN_004378-T1 M896_121660 0.0051 343.2 1003.8 0.0010 0.0000 0.0067 1.4953 84.1 245.9 0.5865 0.4225 0.7204 "BUSCO"
FUN_004406-T1 M896_050470 0.0142 180.4 527.6 0.1381 0.0018 0.0132 1.5625 98.6 288.4 0.7018 0.4699 0.6697 "BUSCO"
FUN_004430-T1 M896_050900 0.0239 102.4 299.6 0.1515 0.0033 0.0217 0.5445 113.1 330.9 0.0485 0.0302 0.6240 "BUSCO"
FUN_004434-T1 M896_050500 0.0046 233.9 684.1 0.0010 0.0000 0.0059 1.8238 82.5 241.5 0.5651 0.5083 0.8994 "BUSCO"
FUN_004435-T1 M896_010490 0.0031 231.6 677.4 99.0000 0.0014 0.0000 1.6319 65.0 190.0 0.4934 0.4312 0.8739 "BUSCO"
FUN_004447-T1 M896_050340 0.0080 107.0 313.0 0.0010 0.0000 0.0104 3.0786 51.2 149.8 0.1733 0.4633 2.6728 "BUSCO"
FUN_004448-T1 M896_050320 0.0205 329.4 963.6 0.0417 0.0010 0.0239 1.6776 37.4 109.6 0.5376 0.4587 0.8532 "BUSCO"
FUN_004460-T1 M896_050280 0.0058 156.7 458.3 0.0010 0.0000 0.0075 1.5951 24.5 71.5 1.3460 0.5690 0.4227 "BUSCO"
FUN_004463-T1 M896_050660 0.0092 272.1 795.9 0.1442 0.0012 0.0084 0.4989 273.6 800.4 0.0875 0.0455 0.5197 "BUSCO"
FUN_004471-T1 M896_050100 0.0218 281.2 822.8 0.1896 0.0035 0.0184 1.7878 54.3 158.7 0.3232 0.3886 1.2024 "BUSCO"
FUN_004473-T1 M896_050200 0.0091 663.4 1940.6 0.1931 0.0015 0.0076 1.7869 61.9 181.1 0.2859 0.3640 1.2733 "BUSCO"
FUN_004476-T1 M896_050090 0.0730 163.6 478.4 0.2781 0.0147 0.0527 2.0272 49.7 145.3 0.5484 0.5585 1.0185 "BUSCO"
FUN_004477-T1 M896_050240 0.0305 341.6 999.4 0.0559 0.0019 0.0343 1.9696 59.6 174.4 0.3914 0.4703 1.2015 "BUSCO"
FUN_004480-T1 M896_050130 0.0151 178.8 523.2 0.1284 0.0018 0.0143 1.8487 62.7 183.3 0.4959 0.4895 0.9870 "BUSCO"
FUN_004492-T1 M896_050160 0.0157 403.5 1180.5 0.0010 0.0000 0.0204 2.0035 62.7 183.3 0.3137 0.4288 1.3670 "BUSCO"
FUN_004494-T1 M896_041330 0.0137 393.6 1151.4 0.1254 0.0016 0.0131 1.7059 33.6 98.4 0.3957 0.4094 1.0346 "BUSCO"
FUN_004507-T1 M896_121140 0.0540 655.0 1916.0 0.3049 0.0114 0.0373 2.0693 48.9 143.1 0.3621 0.4761 1.3147 "BUSCO"
FUN_004509-T1 M896_090400 0.0328 276.7 809.3 0.5785 0.0092 0.0159 0.4955 144.4 422.6 0.2042 0.0829 0.4059 "BUSCO"
FUN_004523-T1 M896_060210 0.0121 568.6 1663.4 0.0937 0.0012 0.0124 0.5202 569.4 1665.6 0.0454 0.0273 0.6008 "BUSCO"
FUN_004526-T1 M896_090250 0.0101 212.5 621.5 99.0000 0.0045 0.0000 0.7302 168.1 491.9 0.1315 0.0907 0.6901 "BUSCO"
FUN_004529-T1 M896_081010 0.0084 339.3 992.7 0.0010 0.0000 0.0110 0.4996 319.5 934.5 0.0793 0.0421 0.5306 "BUSCO"
FUN_004543-T1 M896_091800 0.3061 402.0 1176.0 1.6115 0.1130 0.0701 1.3752 68.0 199.0 0.3022 0.2886 0.9550 "BUSCO"
FUN_004551-T1 M896_091780 0.0101 178.1 520.9 0.0010 0.0000 0.0132 1.3937 44.3 129.7 0.3678 0.3231 0.8785 "BUSCO"
FUN_004561-T1 M896_091750 0.0268 182.7 534.3 0.5152 0.0072 0.0140 1.9328 42.8 125.2 0.3124 0.4128 1.3214 "BUSCO"
FUN_004574-T1 M896_011780 0.0333 249.1 728.9 0.1937 0.0054 0.0279 1.4219 26.0 76.0 0.6400 0.4146 0.6477 "BUSCO"
FUN_004591-T1 M896_121830 0.0072 271.3 793.7 0.0010 0.0000 0.0094 1.9939 83.3 243.7 0.4685 0.5156 1.1006 "BUSCO"
FUN_004644-T1 M896_041580 0.0111 220.9 646.1 0.5190 0.0030 0.0057 0.6991 230.8 675.2 0.1887 0.1112 0.5894 "BUSCO"
FUN_004679-T1 M896_081160 0.0106 333.2 974.8 0.0010 0.0000 0.0138 0.4405 337.0 986.0 0.0052 0.0030 0.5678 "BUSCO"
FUN_004684-T1 M896_041560 0.0064 256.0 749.0 0.2836 0.0013 0.0046 9.5936 15.3 44.7 0.0191 0.2265 11.8902 "BUSCO"
FUN_004687-T1 M896_030480 0.0156 229.3 670.7 0.0894 0.0014 0.0162 0.5189 240.0 702.0 0.0505 0.0299 0.5916 "BUSCO"
FUN_004695-T1 M896_121320 0.0038 193.4 565.6 99.0000 0.0017 0.0000 1.8511 13.8 40.2 0.5960 0.5262 0.8828 "BUSCO"
FUN_004713-T1 M896_081250 0.0132 532.7 1558.3 0.0010 0.0000 0.0172 0.6629 505.2 1477.8 0.1117 0.0730 0.6538 "BUSCO"
FUN_004726-T1 M896_121460 0.0281 468.5 1370.5 0.0697 0.0021 0.0305 1.7660 110.8 324.2 0.4704 0.4575 0.9724 "BUSCO"
FUN_004735-T1 M896_081300 0.0084 113.9 333.1 0.0010 0.0000 0.0110 0.6770 216.3 632.7 0.1534 0.0938 0.6115 "BUSCO"
FUN_004748-T1 M896_081360 0.0000 131.5 384.5 0.7312 0.0000 0.0000 0.4829 33.6 98.4 0.0547 0.0298 0.5447 "BUSCO"
FUN_004811-T1 M896_081570 0.0333 306.5 896.5 0.0568 0.0021 0.0373 1.7063 58.8 172.2 0.6392 0.4973 0.7779 "BUSCO"
FUN_004824-T1 M896_081600 0.0297 180.4 527.6 0.1285 0.0036 0.0283 1.7340 71.1 207.9 0.3178 0.3737 1.1758 "BUSCO"
FUN_004828-T1 M896_110420 0.0509 120.0 351.0 0.3107 0.0108 0.0349 0.5725 107.8 315.2 0.1037 0.0596 0.5748 "BUSCO"
FUN_004833-T1 M896_081610 0.0081 326.3 954.7 0.0010 0.0000 0.0106 1.7352 39.0 114.0 0.5117 0.4653 0.9093 "BUSCO"
FUN_004841-T1 M896_070590 0.0136 107.0 313.0 99.0000 0.0061 0.0001 0.5043 112.3 328.7 0.0521 0.0299 0.5725 "BUSCO"
FUN_004842-T1 M896_081680 0.0124 197.2 576.8 0.1508 0.0017 0.0112 1.9145 13.8 40.2 0.2559 0.3666 1.4326 "BUSCO"
FUN_004843-T1 M896_041290 0.0158 624.4 1826.6 0.0275 0.0005 0.0192 2.0667 125.3 366.7 0.3880 0.4914 1.2666 "BUSCO"
FUN_004868-T1 M896_020140 0.0138 134.5 393.5 0.0010 0.0000 0.0180 0.5153 134.5 393.5 0.1291 0.0632 0.4894 "BUSCO"
FUN_004898-T1 M896_010100 0.0830 257.6 753.4 0.0724 0.0065 0.0896 0.5571 262.1 766.9 0.0777 0.0462 0.5940 "BUSCO"
FUN_004916-T1 M896_010160 0.0082 188.8 552.2 0.0010 0.0000 0.0108 0.3724 183.4 536.6 0.0431 0.0187 0.4327 "BUSCO"
FUN_004950-T1 M896_030560 0.0162 394.4 1153.6 0.1086 0.0017 0.0160 0.7448 364.6 1066.4 0.2218 0.1311 0.5910 "BUSCO"
