M896_010100 FUN_004898-T1 0.00835671376061 0.00946251768034 0.468703697149 2.23148148148 800.157407407 7.60185185185 210.842592593 0.00148679605627 0.00193947891109 1.16895516273 1.34 752.966666667 0.32 198.033333333 "BUSCO"
M896_010160 FUN_004916-T1 0.000976319363588 0.0015037593985 1.20979962017 0.0 565.333333333 1.08333333333 175.666666667 0.0 0.0 None 0.0 534.666666667 0.0 128.333333333 "BUSCO"
M896_010190 FUN_004912-T1 0.00519894108869 0.00622548632499 0.628510922064 2.51080246914 487.62037037 1.13888888889 115.37962963 0.0035068031982 0.00418871252205 0.779725520902 1.58 401.766666667 0.32 102.233333333 "BUSCO"
M896_010200 FUN_002890-T1 0.00604556530712 0.00570146350091 -0.206794184107 8.11111111111 1702.76851852 3.8287037037 451.231481481 0.00151757150362 0.0020784353811 1.69266140567 5.18 2584.73333333 0.92 676.266666667 "BUSCO"
M896_010220 FUN_002858-T1 0.00108626523787 0.000589875589876 -1.11931485136 0.197530864198 717.666666667 0.311728395062 170.333333333 0.00161963694103 0.00231640575283 1.65168124353 0.42 707.966666667 1.4 165.033333333 "BUSCO"
M896_010230 FUN_002865-T1 0.000593237104074 0.000136668033347 -1.49542861119 0.054012345679 646.675925926 0.054012345679 166.324074074 0.00170766068782 0.00198604401503 0.625888321833 0.74 648.9 0.74 179.1 "BUSCO"
M896_010240 FUN_001620-T1 0.00120877635492 0.0015395631937 0.531728292914 0.0 327.333333333 0.597222222222 71.6666666667 0.0 0.0 None 0.0 329.333333333 0.0 75.6666666667 "BUSCO"
M896_010290 FUN_002866-T1 0.00130351828544 0.00169598169598 0.674239669544 0.0 453.592592593 0.91512345679 101.407407407 0.000722874769691 0.00040899795501 -1.11173317656 0.0 379.333333333 0.18 109.666666667 "BUSCO"
M896_010320 FUN_002830-T1 0.00149253419951 0.00089680434508 -1.13078155488 0.0 884.333333333 0.986111111111 246.666666667 0.0 0.0 None 0.0 832.0 0.0 224.0 "BUSCO"
M896_010360 FUN_002819-T1 0.00262120524789 0.0020042558086 -0.643111878567 0.483024691358 455.583333333 0.592592592593 96.4166666667 0.0 0.0 None 0.0 407.0 0.0 103.0 "BUSCO"
M896_010370 FUN_000740-T1 0.00220229116718 0.0028085815757 0.674328309873 0.152777777778 346.666666667 1.04320987654 91.3333333333 0.00368214335811 0.00480324074074 1.16895516273 1.24 317.233333333 0.42 66.7666666667 "BUSCO"
M896_010490 FUN_004435-T1 0.00318351000404 0.00281139225034 -0.367412493044 1.51697530864 733.037037037 0.967592592593 175.962962963 0.00311245325365 0.00447239692523 1.85068904965 2.72 628.2 0.48 166.8 "BUSCO"
M896_010520 FUN_002763-T1 0.00398596500506 0.00390266299357 -0.0727555521129 1.62037037037 1356.30555556 5.00925925926 338.694444444 0.00352942773497 0.00535927632702 2.35919830749 5.32 1036.43333333 0.96 265.566666667 "BUSCO"
M896_010550 FUN_002787-T1 0.00199598172375 0.00106895027888 -1.4388847694 0.509259259259 1066.30555556 0.871913580247 262.694444444 0.00114954719473 0.0016982836495 1.83270352383 0.9 980.033333333 0.98 249.966666667 "BUSCO"
M896_010580 FUN_002792-T1 0.00214833748602 0.00247581338895 0.479133558107 0.251543209877 1057.61111111 2.99074074074 289.388888889 0.00361266895513 0.00478686233403 1.47898934751 1.86 991.933333333 3.62 280.066666667 "BUSCO"
M896_010600 FUN_002800-T1 0.00110873969106 0.00090494435322 -0.357151232859 0.0 352.0 0.382716049383 83.0 0.000818254079581 0.00082304526749 0.0149919947447 0.0 342.666666667 0.32 89.3333333333 "BUSCO"
M896_010640 FUN_001973-T1 0.00193113820065 0.0020878020878 0.236586774169 0.74537037037 791.888888889 1.28240740741 207.111111111 0.00149623603123 0.00176366843034 0.686229081932 1.5 762.033333333 0.0 182.966666667 "BUSCO"
M896_010690 FUN_000561-T1 0.00293489918222 0.00174506584243 -1.349086214 0.524691358025 1185.37037037 1.98456790123 293.62962963 0.000855897729731 0.00112994350282 1.15198436679 1.26 996.433333333 0.0 242.566666667 "BUSCO"
M896_010760 FUN_002252-T1 0.00398769954162 0.00596239656292 1.7638471273 3.23148148148 1842.52777778 10.0895061728 455.472222222 0.00277820525217 0.0034006267016 1.04175349377 3.12 1703.1 3.5 459.9 "BUSCO"
M896_010910 FUN_000716-T1 0.00229667507434 0.00222524565382 -0.0811082874634 0.0 422.037037037 1.13580246914 102.962962963 0.000601166262549 0.000793650793651 0.819795688532 0.0 466.0 0.42 122.0 "BUSCO"
M896_010960 FUN_002998-T1 0.00130608552972 0.00121841613718 -0.207952664715 0.162037037037 1616.00925926 2.24382716049 414.990740741 0.000888601715382 0.00129601698229 1.83847050307 0.0 1566.66666667 2.32 422.333333333 "BUSCO"
M896_011050 FUN_001424-T1 0.00711240778449 0.0102587204424 1.60575953073 9.78395061728 1453.48148148 8.13888888889 343.518518519 0.000538030079725 0.000575004227972 0.221711048181 0.5 1040.5 0.18 273.5 "BUSCO"
M896_011100 FUN_000025-T1 0.00259302024523 0.00409092848609 1.89393245086 0.924382716049 1188.0462963 4.99382716049 299.953703704 0.00145211287362 0.00153886280647 0.253037066406 1.76 1336.13333333 0.6 367.866666667 "BUSCO"
M896_011150 FUN_000024-T1 0.0048583511188 0.00543636257922 0.368583306006 1.97839506173 445.305555556 0.907407407407 100.694444444 0.00122102163171 0.00130493187488 0.221711048181 0.0 461.333333333 0.68 117.666666667 "BUSCO"
M896_011160 FUN_000010-T1 0.00276751143544 0.0031572148943 0.479233739609 0.91049382716 1514.62037037 4.9737654321 402.37962963 0.00121004967866 0.00131222364855 0.364296164805 0.0 1817.66666667 2.76 519.333333333 "BUSCO"
M896_011170 FUN_000017-T1 0.00229013184051 0.00301331042072 1.06375887485 2.17592592593 1689.43518519 3.99382716049 416.564814815 0.00135435158 0.00130552007947 -0.149160387917 0.68 1245.66666667 1.16 320.333333333 "BUSCO"
M896_011180 FUN_000008-T1 0.00784810565345 0.00704929521498 -0.381369925568 22.3364197531 3556.50925926 8.29012345679 838.490740741 0.000888793224373 0.0011095146871 1.05186305803 2.78 2225.36666667 0.0 558.633333333 "BUSCO"
M896_011250 FUN_000087-T1 0.00200006656356 0.00114910103062 -1.44092816423 1.08950617284 2050.37962963 1.73919753086 481.62037037 0.00222878790907 0.00287702582785 1.33964883905 4.74 1923.9 1.42 455.1 "BUSCO"
M896_011270 FUN_003988-T1 0.00709267302371 0.0047502334267 -1.03809765373 0.302469135802 321.37037037 1.58179012346 86.6296296296 0.00368214335811 0.00422453703704 0.565547561733 0.98 294.0 0.48 90.0 "BUSCO"
M896_011330 FUN_001409-T1 0.00294445522352 0.00340782086814 0.550982915365 2.90432098765 1954.94444444 5.23611111111 502.055555556 0.00219361731973 0.00285657998424 1.38417177659 5.38 1773.46666667 0.42 482.533333333 "BUSCO"
M896_011390 FUN_003171-T1 0.00331680016805 0.00470539888016 1.38337366438 3.00771604938 978.314814815 2.64660493827 257.685185185 0.00105204095946 0.00143298059965 1.30277336403 1.3 808.733333333 0.0 199.266666667 "BUSCO"
M896_011400 FUN_003280-T1 0.00584749958308 0.0073576278232 0.890025437063 1.41358024691 832.555555556 6.58641975309 199.444444444 0.00228793373708 0.00237324703344 0.154261707233 1.98 743.766666667 0.0 183.233333333 "BUSCO"
M896_011450 FUN_002664-T1 0.00437887465536 0.00531365161715 0.687061829304 2.04320987654 611.898148148 1.93981481481 159.101851852 0.003038559562 0.00409635997029 1.52436127493 2.52 848.533333333 1.34 198.466666667 "BUSCO"
M896_011500 FUN_002217-T1 0.00320548208229 0.00484792417308 1.63097140159 1.37885802469 771.611111111 3.23070987654 206.388888889 0.00132391671303 0.00139409071993 0.203503001134 0.92 834.766666667 0.42 233.233333333 "BUSCO"
M896_011510 FUN_001252-T1 0.00627619915211 0.00769340769341 0.781015927336 2.65740740741 805.277777778 4.81481481481 193.722222222 0.00190661144757 0.00249310799473 1.2334733704 1.66 743.566666667 0.42 183.433333333 "BUSCO"
M896_011540 FUN_001626-T1 0.00539890036133 0.00750612019269 1.16561496425 0.614197530864 319.25 2.31944444444 82.75 0.00362549499876 0.00376068376068 0.143162241034 1.14 307.633333333 0.18 82.3666666667 "BUSCO"
M896_011550 FUN_004307-T1 0.00173333967875 0.00151599423837 -0.365680476753 1.12962962963 907.203703704 0.510802469136 205.796296296 0.00227845334867 0.00284428074483 1.05186305803 0.68 853.0 2.1 233.0 "BUSCO"
M896_011560 FUN_003052-T1 0.00405977917182 0.00489551600663 0.627102133269 1.26234567901 480.055555556 1.56481481481 113.944444444 0.00147285734325 0.0012037037037 -0.657483600019 0.6 568.3 0.18 151.7 "BUSCO"
M896_011570 FUN_002372-T1 0.00437903242422 0.00470185552153 0.271112994872 8.16666666667 3210.92592593 10.162037037 755.074074074 0.00121921672168 0.0017300375024 1.91888713366 2.0 3237.1 4.32 821.9 "BUSCO"
M896_011580 FUN_002369-T1 0.00393631166092 0.00402961872034 0.0793873015897 2.33950617284 933.305555556 2.22067901235 230.694444444 0.00205814126567 0.00252304706453 0.867251362232 1.14 550.666666667 0.42 136.333333333 "BUSCO"
M896_011590 FUN_002365-T1 0.00371001358163 0.00447429114096 0.615213972591 0.862654320988 464.787037037 1.68209876543 120.212962963 0.00334740305283 0.00458754208754 1.48555550901 1.25 409.5 0.93 118.5 "BUSCO"
M896_011610 FUN_002366-T1 0.00251198836256 0.00234457671958 -0.173802371246 0.75 375.666666667 0.344135802469 104.333333333 0.00398069552229 0.00570570570571 1.73763764762 2.28 355.5 0.0 88.5 "BUSCO"
M896_011620 FUN_002362-T1 0.00551412079587 0.0058047812621 0.171320073051 2.12962962963 534.416666667 1.7762345679 122.583333333 0.00541049636294 0.00752078609221 1.70787824573 3.48 468.2 0.5 119.8 "BUSCO"
M896_011730 FUN_002214-T1 0.00258810922204 0.00269260060927 0.133407408216 0.83024691358 1273.17592593 3.31635802469 310.824074074 0.00179548323748 0.00253968253968 1.78823847798 1.46 1261.93333333 2.14 313.066666667 "BUSCO"
M896_011760 FUN_002841-T1 0.00303080288403 0.00420797840153 1.35988688596 3.13888888889 1890.11111111 7.25154320988 497.888888889 0.00217581198434 0.00265151515152 0.994874419527 1.48 1675.7 3.56 436.3 "BUSCO"
M896_011780 FUN_004574-T1 0.00320548208229 0.00293277501866 -0.270802498474 1.46141975309 808.703703704 1.32716049383 169.296296296 0.000475115272015 0.000746714456392 1.46363864356 0.0 592.0 0.5 152.0 "BUSCO"
M896_011810 FUN_002788-T1 0.00117226123586 0.00115740740741 -0.0358977841639 0.453703703704 1142.43518519 1.16666666667 297.564814815 0.00100279648902 0.0012293144208 0.867251362232 0.0 1108.53333333 1.56 301.466666667 "BUSCO"
M896_011860 FUN_002178-T1 0.00575735395513 0.00654734836181 0.486023050744 6.2137345679 1189.60185185 3.61342592593 277.398148148 0.00291448802904 0.00400471142521 1.58441371911 3.06 688.866666667 0.0 160.133333333 "BUSCO"
M896_011890 FUN_002180-T1 0.00277716947569 0.00303851973718 0.313160741989 1.84567901235 1252.7037037 2.77160493827 310.296296296 0.00173642128888 0.00201169590643 0.671469728684 2.58 1142.96666667 0.0 282.033333333 "BUSCO"
M896_011920 FUN_002174-T1 0.00181657915485 0.00165007622635 -0.267302160865 0.706790123457 852.935185185 0.996913580247 209.064814815 0.0 0.0 None 0.0 772.666666667 0.0 184.333333333 "BUSCO"
M896_011990 FUN_004279-T1 0.00229667507434 0.00274225245654 0.505954243161 0.054012345679 413.685185185 1.34567901235 111.314814815 0.00137811213403 0.00108295429933 -0.690979992648 0.32 410.4 0.18 102.6 "BUSCO"
M896_012160 FUN_001632-T1 0.00197126062239 0.00253305076193 0.851100111875 0.0 868.333333333 2.71141975309 232.666666667 0.00317502181778 0.00390330450211 1.00439652433 3.52 789.533333333 0.0 212.466666667 "BUSCO"
M896_012180 FUN_001628-T1 0.00373654526398 0.00392820881498 0.183013676797 4.10956790123 2058.37962963 5.50308641975 458.62037037 0.00234718301712 0.00324627416261 1.69784139307 3.4 1207.46666667 1.0 298.533333333 "BUSCO"
M896_012190 FUN_000690-T1 0.00201551868619 0.00259165613148 0.944542112832 0.652777777778 1648.34259259 4.47222222222 385.657407407 0.001422069159 0.00201787994891 1.77461038378 1.98 1398.8 1.18 341.2 "BUSCO"
M896_012220 FUN_001619-T1 0.00354327139819 0.00394836125173 0.377771333424 0.601851851852 927.490740741 4.27314814815 230.509259259 0.00203152736999 0.00283099191145 1.62802616939 1.66 819.933333333 1.0 224.066666667 "BUSCO"
M896_012270 FUN_003739-T1 0.00425255320217 0.00426284348865 0.00866072447786 3.49074074074 1846.87037037 6.1450617284 478.12962963 0.00170491525263 0.00226271287365 1.43260278953 1.16 1457.73333333 2.64 408.266666667 "BUSCO"
M896_012290 FUN_001879-T1 0.0053589085068 0.0045275888133 -0.499277576164 0.331790123457 488.685185185 2.44135802469 141.314814815 0.00376621055807 0.00456621004566 0.89970572629 2.28 515.9 0.42 141.1 "BUSCO"
M896_012320 FUN_001580-T1 0.00313182964683 0.00290833505119 -0.224310003745 1.08641975309 730.722222222 1.5262345679 193.277777778 0.001717617893 0.00215959399633 1.03180765951 0.74 807.633333333 1.26 221.366666667 "BUSCO"
M896_012340 FUN_001572-T1 0.00259302024523 0.00340217329465 0.698806639756 0.493827160494 226.148148148 0.429012345679 52.8518518519 0.000507881842499 0.000510855683269 0.0149919947447 0.0 557.666666667 0.32 138.333333333 "BUSCO"
M896_012350 FUN_003376-T1 0.00355051358666 0.00478620973321 1.19944214003 5.29475308642 1386.36111111 2.60648148148 311.638888889 0.00186290256853 0.00266432440345 1.85604525479 2.32 1209.46666667 1.32 308.533333333 "BUSCO"
M896_012420 FUN_001568-T1 0.00523382341881 0.00498745498745 -0.170868210746 7.03395061728 1968.37037037 4.80709876543 473.62962963 0.00232556422618 0.00303768680962 1.34084430413 2.66 1091.53333333 1.08 276.466666667 "BUSCO"
M896_012480 FUN_001538-T1 0.0021962739782 0.00257611241218 0.526845816801 1.20524691358 868.583333333 1.54475308642 229.416666667 0.00108099621523 0.00156303092083 1.43863243595 0.5 516.833333333 0.42 137.166666667 "BUSCO"
M896_020060 FUN_001940-T1 0.00382779179057 0.00334362139918 -0.434237107463 1.81635802469 1207.25 3.0987654321 304.75 0.00149782102703 0.00225988700565 2.10483231891 2.38 1113.3 0.5 302.7 "BUSCO"
M896_020110 FUN_000999-T1 0.000432170040871 9.95619275189e-05 -1.1332128884 0.054012345679 441.666666667 0.0 116.333333333 0.000673306214055 0.0010582010582 1.46363864356 0.5 410.0 0.0 115.0 "BUSCO"
M896_020130 FUN_003268-T1 0.00713464150314 0.00905419366958 0.941991577317 5.95987654321 807.212962963 2.96604938272 206.787037037 0.00297046859142 0.00298786181139 0.0210668875362 0.0 286.333333333 0.96 70.6666666667 "BUSCO"
M896_020140 FUN_004868-T1 0.00137017547049 0.00109126984127 -0.455840960208 0.0 421.0 0.560185185185 107.0 0.00201991864217 0.00296296296296 1.67974585712 0.0 412.533333333 1.4 112.466666667 "BUSCO"
M896_020150 FUN_001735-T1 0.0022432640261 0.00136581764489 -1.06875505411 0.640432098765 508.935185185 0.216049382716 136.064814815 0.00453186874845 0.00516381766382 0.601619883667 2.08 489.233333333 0.82 134.766666667 "BUSCO"
M896_020180 FUN_001745-T1 0.00189882584887 0.00123734533183 -0.780124967007 0.0 296.333333333 0.458333333333 84.6666666667 0.00103358410052 0.00136452241715 0.819795688532 0.42 279.0 0.0 63.0 "BUSCO"
M896_020190 FUN_001525-T1 0.00575057849987 0.00518318610607 -0.363729621594 12.0841049383 2629.44444444 4.94058641975 601.555555556 0.000804290699383 0.000846922007332 0.203503001134 1.34 1404.66666667 0.0 353.333333333 "BUSCO"
M896_020230 FUN_001095-T1 0.00196972716411 0.00315052508751 1.69833417383 0.75 690.166666667 2.36111111111 167.833333333 0.00175863563373 0.00251520176893 1.65168124353 1.0 635.166666667 0.82 168.833333333 "BUSCO"
M896_020300 FUN_001797-T1 0.0 0.0 None 0.0 391.0 0.0 107.0 0.0 0.0 None 0.0 418.333333333 0.0 115.666666667 "BUSCO"
M896_020420 FUN_001842-T1 0.00170252766479 0.000950940133996 -1.42080907863 0.810185185185 1604.31481481 1.02314814815 378.685185185 0.00238841731337 0.003003003003 1.16223737494 2.14 1421.53333333 2.66 354.466666667 "BUSCO"
M896_020440 FUN_000771-T1 0.00136243436614 0.00217020894987 1.15202551594 0.0 292.666666667 0.746913580247 61.3333333333 0.00110120175196 0.00166147455867 1.3026779048 0.48 250.666666667 0.0 70.3333333333 "BUSCO"
M896_020450 FUN_000437-T1 0.00140859160518 0.000774489442714 -1.46309558348 1.07407407407 2050.5462963 0.859567901235 517.453703704 0.00165110122555 0.00228355744279 1.71522817761 0.5 1840.83333333 4.34 514.166666667 "BUSCO"
M896_020480 FUN_001838-T1 0.00415777384149 0.00554643313264 0.912583953154 0.0 273.666666667 1.87654320988 74.3333333333 0.00206716820105 0.00207927225471 0.018890816886 0.0 272.666666667 0.64 69.3333333333 "BUSCO"
M896_020490 FUN_002081-T1 0.00285385660126 0.00513133590057 2.18052101831 2.05401234568 406.333333333 0.475308641975 100.666666667 0.0013019733421 0.00102312257008 -0.690979992648 0.32 441.333333333 0.18 101.666666667 "BUSCO"
M896_020500 FUN_002308-T1 0.00231875848852 0.00319291819292 1.22527571893 1.80555555556 1252.49074074 3.03703703704 307.509259259 0.000969782612837 0.00121932632221 0.987932882432 0.42 1163.33333333 1.18 294.666666667 "BUSCO"
M896_020570 FUN_001624-T1 0.00352903730936 0.00574009549619 1.87108925119 0.0 480.0 3.43209876543 135.0 0.00178528162818 0.00127197904976 -1.03445609311 0.5 460.333333333 0.18 133.666666667 "BUSCO"
M896_020800 FUN_002987-T1 0.00296108647846 0.00298047837341 0.0225698123295 0.158950617284 1625.00925926 6.23456790123 411.990740741 0.00132604519649 0.00161962605693 0.937745059224 1.6 1498.66666667 1.12 367.333333333 "BUSCO"
M896_020840 FUN_001980-T1 0.00588172884893 0.00797820066113 1.13457618022 0.95524691358 419.046296296 3.74845679012 114.953703704 0.00220928601487 0.00324074074074 1.67974585712 0.98 376.166666667 0.42 103.833333333 "BUSCO"
M896_020860 FUN_001956-T1 0.00217253047573 0.0012298012298 -0.97174733466 0.0 261.0 0.398148148148 72.0 0.00115518223 0.000653594771242 -1.11173317656 0.18 252.333333333 0.0 53.6666666667 "BUSCO"
M896_020900 FUN_001166-T1 0.00299566314045 0.0027802425318 -0.226034130123 0.645061728395 766.648148148 1.96604938272 199.351851852 0.000770121486665 0.00101670297749 1.03299197336 0.84 719.633333333 0.0 198.366666667 "BUSCO"
M896_021030 FUN_002019-T1 0.00284903996564 0.00265086062554 -0.223877357037 1.46913580247 968.416666667 1.58487654321 216.583333333 0.00119420865669 0.00167667667668 1.45356236126 1.34 695.566666667 0.0 192.433333333 "BUSCO"
M896_021060 FUN_002126-T1 0.00309735078834 0.00339667977283 0.336436039796 2.01080246914 1727.98148148 5.71450617284 453.018518519 0.00171041497925 0.00221027479092 1.27967198053 2.9 1476.56666667 0.8 383.433333333 "BUSCO"
M896_021070 FUN_002047-T1 0.00533383492383 0.00517982891441 -0.104709480925 5.9537037037 1893.75 5.99228395062 458.25 0.000951765649917 0.00143600789804 2.04013621396 2.4 1454.86666667 0.0 402.133333333 "BUSCO"
M896_021170 FUN_002089-T1 0.00309803292403 0.00371784205289 0.68949437737 1.54475308642 1565.82407407 5.59567901235 381.175925926 0.00100536337423 0.00133990645936 1.33430622585 1.32 1408.33333333 0.8 349.666666667 "BUSCO"
M896_021180 FUN_002088-T1 0.00275358935132 0.00420770855553 1.82651684561 3.55092592593 1821.21296296 5.76388888889 455.787037037 0.00155037615079 0.00238095238095 2.26912171193 3.42 1269.26666667 0.0 326.733333333 "BUSCO"
M896_021190 FUN_002086-T1 0.00490001793801 0.00728530728531 1.74483876377 3.74228395062 1667.93518519 10.8981481481 399.064814815 0.0012611622511 0.00164231509797 1.28009905563 2.58 1540.83333333 0.32 421.166666667 "BUSCO"
M896_021210 FUN_002060-T1 0.00177316825593 0.00210084033613 0.413829785297 0.0 324.333333333 0.833333333333 83.6666666667 0.00327301631832 0.0042695473251 1.16895516273 0.92 337.833333333 0.74 94.1666666667 "BUSCO"
M896_021250 FUN_004911-T1 0.00479902254341 0.00686138468654 1.49608501127 3.08487654321 1132.56481481 6.30092592593 274.435185185 0.00145467391926 0.00181069958848 0.98139123179 1.5 977.566666667 0.48 237.433333333 "BUSCO"
M896_021260 FUN_001026-T1 0.00568249502931 0.00674194076256 0.673344675719 7.78858024691 1603.72222222 5.56327160494 433.277777778 0.00190046108806 0.00195937873357 0.137412661759 3.1 1478.96666667 0.18 381.033333333 "BUSCO"
M896_021300 FUN_004429-T1 0.00918823550799 0.0059438927086 -1.28612433619 3.89094650206 1224.69444444 5.24022633745 272.305555556 0.00115802051557 0.0011466011466 -0.0378600392659 1.08 970.966666667 0.18 250.033333333 "BUSCO"
M896_021310 FUN_000619-T1 0.00865728251926 0.0118766448478 1.37024112076 19.4583333333 1697.63888889 5.30864197531 420.361111111 0.0 0.0 None 0.0 434.666666667 0.0 114.333333333 "BUSCO"
M896_021380 FUN_002117-T1 0.0103655246718 0.0102753195674 -0.031934738711 11.5802469136 1272.63888889 5.34722222222 311.361111111 0.00137009985418 0.00201550387597 1.88888693079 0.9 1018.2 1.44 271.8 "BUSCO"
M896_021420 FUN_003774-T1 0.00331741955183 0.00571092634585 2.29659226661 0.486111111111 738.527777778 4.76080246914 206.472222222 0.00311098580752 0.00430265248747 1.65262492434 1.84 715.033333333 1.68 193.966666667 "BUSCO"
M896_021430 FUN_002144-T1 0.00302743532527 0.00381914381914 0.913085144333 3.13580246914 1844.2037037 5.44135802469 465.796296296 0.00167370152642 0.00195707070707 0.750438234773 2.4 1673.13333333 1.32 438.866666667 "BUSCO"
M896_021470 FUN_003889-T1 0.00591983074055 0.00586754988392 -0.032478600019 6.97839506173 2365.34259259 10.2330246914 568.657407407 0.00178528162818 0.00229646896314 1.30294755552 1.84 2048.2 3.48 525.8 "BUSCO"
M896_021500 FUN_001725-T1 0.0173327197017 0.0158754960317 -0.311698262235 14.8888888889 1016.51851852 5.30555555556 264.481481481 0.00171595030281 0.00217547644732 1.10787400628 0.68 969.633333333 1.74 266.366666667 "BUSCO"
M896_021520 FUN_000776-T1 0.00292304100371 0.00366041366041 0.735676766964 0.782407407407 534.796296296 1.56635802469 125.203703704 0.000433193336249 0.000435729847495 0.0149919947447 0.32 639.0 0.0 177.0 "BUSCO"
M896_021550 FUN_000791-T1 0.0024940027657 0.00321880011617 0.92505871665 0.942901234568 992.462962963 2.99074074074 264.537037037 0.000866386672498 0.00127087872186 1.67974585712 0.0 970.333333333 1.4 253.666666667 "BUSCO"
M896_021560 FUN_004227-T1 0.00289149739576 0.00445865529798 1.76152378774 2.16512345679 1010.22222222 3.25771604938 240.777777778 0.00146189314466 0.00211377630732 1.78805407535 0.5 947.2 1.8 261.8 "BUSCO"
M896_021610 FUN_000815-T1 0.000186073212042 4.28669410151e-05 -1.1332128884 0.0 1044.66666667 0.054012345679 251.333333333 0.00114396686854 0.00129449838188 0.47343387924 0.9 742.3 0.18 184.7 "BUSCO"
M896_021690 FUN_000850-T1 0.00656455565685 0.00537191658088 -0.642187948611 5.76388888889 991.462962963 1.77932098765 259.537037037 0.00166542173088 0.00261745844785 2.19474808443 2.0 672.833333333 0.0 176.166666667 "BUSCO"
M896_021710 FUN_001377-T1 0.000627997090641 0.00107473544974 1.04743947344 0.0 299.333333333 0.401234567901 84.6666666667 0.00187029503904 0.00199882422105 0.221711048181 0.68 292.0 0.0 86.0 "BUSCO"
M896_021750 FUN_003466-T1 0.00203268943361 0.00245575624886 0.644801504197 0.695987654321 1064.80555556 2.41975308642 240.194444444 0.000608933268525 0.000861326442722 1.33722232031 0.48 924.333333333 0.42 236.666666667 "BUSCO"
M896_021800 FUN_000804-T1 0.00271566309466 0.00289268860697 0.230895649704 4.65740740741 2460.37962963 4.08333333333 647.62037037 0.00199510556456 0.00232403718459 0.766627664553 5.4 2413.1 0.9 598.9 "BUSCO"
M896_021810 FUN_000801-T1 0.00284184542027 0.00217786328897 -0.661926217541 0.507716049383 481.074074074 0.75 112.925925926 0.00238037550424 0.00239431350542 0.022480720834 1.28 473.933333333 0.0 120.066666667 "BUSCO"
M896_021880 FUN_003168-T1 0.00574168768586 0.00689090450995 0.629132552914 1.26851851852 405.759259259 2.10802469136 98.2407407407 0.0014111208079 0.000798403193613 -1.40085080218 0.18 399.666666667 0.18 101.333333333 "BUSCO"
M896_030090 FUN_001192-T1 0.00188935876842 0.00215031881699 0.427905335147 0.054012345679 1125.34259259 2.88117283951 278.657407407 0.00187029503904 0.00246913580247 1.3561777215 2.94 1054.9 0.0 268.1 "BUSCO"
M896_030160 FUN_002397-T1 0.00584608200742 0.00625621292288 0.220514601544 0.621913580247 406.851851852 2.38888888889 88.1481481481 0.000818254079581 0.00108024691358 0.819795688532 0.42 343.233333333 0.0 88.7666666667 "BUSCO"
M896_030180 FUN_002401-T1 0.00456077319728 0.00583636659287 0.960175894367 3.25077160494 1013.37037037 3.94984567901 255.62962963 0.00231036445999 0.00312273057371 1.45464211502 2.58 714.666666667 0.0 203.333333333 "BUSCO"
M896_030290 FUN_002695-T1 0.00233673336052 0.00408207210533 2.275315976 1.7700617284 831.111111111 2.32561728395 200.888888889 0.00111685864891 0.00161488502721 1.71202200363 1.34 1009.96666667 0.5 256.033333333 "BUSCO"
M896_030320 FUN_004192-T1 0.00166229067419 0.00163028612068 -0.061966239199 0.746913580247 1612.87037037 2.47222222222 418.12962963 0.00176155695538 0.00156269226037 -0.494325403855 2.54 1447.26666667 0.0 358.733333333 "BUSCO"
M896_030370 FUN_002698-T1 0.00248806466387 0.00228143109095 -0.264355807288 0.5 999.018518519 2.29475308642 260.981481481 0.000566483593556 0.000534188034188 -0.183929414409 0.42 987.433333333 0.18 260.566666667 "BUSCO"
M896_030400 FUN_002585-T1 0.00156846102638 0.00177700348432 0.387753454679 0.552469135802 959.796296296 1.5725308642 270.203703704 0.00159659332601 0.00220817022985 1.53597193673 2.2 888.6 0.0 218.4 "BUSCO"
M896_030430 FUN_002647-T1 0.00259302024523 0.00335239233089 0.920509910643 0.429012345679 883.342592593 3.20833333333 232.657407407 0.00281381701396 0.00313985627418 0.49990971844 2.84 805.333333333 0.0 199.666666667 "BUSCO"
M896_030450 FUN_002643-T1 0.00288371758214 0.00268583766342 -0.200116969528 0.541666666667 534.055555556 1.20524691358 134.944444444 0.00118420690914 0.00178671133445 1.64145266725 0.96 473.4 0.0 123.6 "BUSCO"
M896_030480 FUN_004687-T1 0.00321534510408 0.00349206349206 0.270514266479 0.569444444444 720.546296296 2.48611111111 179.453703704 0.00158691700282 0.0022945504427 1.71202200363 1.84 716.566666667 0.0 174.433333333 "BUSCO"
M896_030560 FUN_004950-T1 0.00246859508951 0.00269628004753 0.302391557604 0.923611111111 1265.59259259 3.17361111111 297.407407407 0.00074732719319 0.00103359173127 1.37816786265 0.5 1126.0 0.82 293.0 "BUSCO"
M896_030620 FUN_002573-T1 0.00327650655987 0.00255060961583 -0.720049722177 0.216049382716 891.009259259 2.52160493827 212.990740741 0.00234985786957 0.00327107734515 1.66049238498 2.1 835.933333333 1.0 217.066666667 "BUSCO"
M896_030640 FUN_000296-T1 0.00203825363175 0.00239227228134 0.569446724439 0.493827160494 1526.16666667 3.90895061728 366.833333333 0.00271420865422 0.0034628124059 1.28248859434 3.1 1754.83333333 3.8 459.166666667 "BUSCO"
M896_030740 FUN_000305-T1 0.00180637365398 0.00113746705507 -1.01180279822 0.0 641.333333333 0.885802469136 159.666666667 0.00184829156799 0.00124909222948 -1.24467524126 0.36 603.866666667 0.5 161.133333333 "BUSCO"
M896_030800 FUN_001739-T1 0.00498245625633 0.0044055271328 -0.376337529137 0.742283950617 583.685185185 2.36728395062 142.314814815 0.00198031239428 0.00230314347961 0.625888321833 0.0 573.0 1.48 141.0 "BUSCO"
M896_030840 FUN_000338-T1 0.00300499542438 0.00106973907597 -2.02429794143 0.263888888889 786.611111111 0.737654320988 176.388888889 0.00286388927853 0.00403806584362 1.73657105084 2.16 704.5 0.98 159.5 "BUSCO"
M896_030850 FUN_000341-T1 0.00315524519559 0.00265341442912 -0.538640468539 1.64814814815 1306.24074074 2.49228395062 298.759259259 0.000904634068788 0.00099523707969 0.384525281433 0.18 1224.93333333 1.22 338.066666667 "BUSCO"
M896_030950 FUN_001607-T1 0.00256543492347 0.00228526398739 -0.244565016385 0.572530864198 224.685185185 0.054012345679 57.3148148148 0.00124030092063 0.00124756335283 0.0149919947447 0.32 231.066666667 0.0 53.9333333333 "BUSCO"
M896_031050 FUN_001321-T1 0.00155143310209 0.00151518052604 -0.076610977146 1.79475308642 1951.41666667 1.86882716049 535.583333333 0.00162624148313 0.00184023421163 0.589222221702 3.54 1928.16666667 0.42 462.833333333 "BUSCO"
M896_031080 FUN_001315-T1 0.00174747016526 0.00269534544897 1.21471301421 0.0 314.333333333 1.08487654321 99.6666666667 0.00188525739935 0.00148148148148 -0.690979992648 0.18 304.0 0.32 71.0 "BUSCO"
M896_031100 FUN_001314-T1 0.00261603521782 0.00345637268714 0.995172238815 0.78549382716 812.009259259 2.62191358025 201.990740741 0.00097111473181 0.000793650793651 -0.657483600019 0.36 881.4 0.42 210.6 "BUSCO"
M896_031120 FUN_002137-T1 0.00242362696288 0.0039722421632 1.74588538132 0.0 470.148148148 2.30555555556 126.851851852 0.00130920652733 0.00102880658436 -0.690979992648 0.5 428.766666667 0.0 111.233333333 "BUSCO"
M896_031150 FUN_001258-T1 0.00252634258178 0.00380801209373 1.57170820954 0.646604938272 862.166666667 3.24074074074 187.833333333 0.00156064354251 0.00161883738043 0.143162241034 1.32 724.033333333 0.0 181.966666667 "BUSCO"
M896_031160 FUN_001255-T1 0.00613942448826 0.00695818884096 0.478686014686 7.65663580247 1354.7962963 3.76929012346 334.203703704 0.00193161618786 0.00256021048371 1.46984724814 4.74 1740.53333333 0.32 455.466666667 "BUSCO"
M896_031170 FUN_001329-T1 0.00448842590671 0.00439663739156 -0.0721281938274 2.01080246914 1451.33333333 5.56790123457 321.666666667 0.000992937534773 0.00145651269247 1.93144826454 1.98 1691.33333333 0.82 444.666666667 "BUSCO"
M896_031240 FUN_001230-T1 0.00588891044704 0.0033374033374 -1.45955330205 1.9537037037 669.175925926 0.703703703704 149.824074074 0.0014111208079 0.00110889332446 -0.690979992648 0.5 400.466666667 0.0 100.533333333 "BUSCO"
M896_031270 FUN_001214-T1 0.00389322412887 0.00452825638011 0.590951376684 7.39351851852 2521.90740741 6.51388888889 637.092592593 0.000486894989503 0.000329048056321 -1.24467524126 0.86 2328.53333333 0.0 575.466666667 "BUSCO"
M896_031280 FUN_001213-T1 0.00587277644581 0.0074919668527 0.970203481928 3.06481481481 1042.2037037 6.50617283951 271.796296296 0.00128074551587 0.00138888888889 0.324184521333 0.96 878.2 0.42 225.8 "BUSCO"
M896_031290 FUN_000294-T1 0.00240207211618 0.00206727538638 -0.485220676757 2.40586419753 2276.7037037 3.24382716049 534.296296296 0.00149150110708 0.00169714017815 0.611114240906 3.62 1903.7 0.0 466.3 "BUSCO"
M896_031360 FUN_001246-T1 0.00418353452204 0.00452390786963 0.261855996477 1.01234567901 652.0 2.53703703704 155.0 0.00459072418674 0.0049062049062 0.247250383388 0.84 177.233333333 0.18 53.7666666667 "BUSCO"
M896_031410 FUN_001182-T1 0.000496195232111 0.00104513684761 1.62894676993 0.0 391.333333333 0.493827160494 94.6666666667 0.00156064354251 0.00166789305862 0.221711048181 0.5 357.0 0.18 96.0 "BUSCO"
M896_031420 FUN_001181-T1 0.00167465890838 0.00144767783657 -0.303525744894 0.0 338.333333333 0.608024691358 93.6666666667 0.000860062682187 0.000486618004866 -1.11173317656 0.0 326.0 0.18 85.0 "BUSCO"
M896_031460 FUN_001185-T1 0.00280599932081 0.00317134382843 0.430226416845 0.506172839506 1147.67592593 3.99845679012 313.324074074 0.00129198012565 0.00151072124756 0.678892665457 1.68 1085.56666667 0.18 282.433333333 "BUSCO"
M896_040110 FUN_000503-T1 0.00237921942163 0.0031600612996 1.0562797055 0.313271604938 1112.87037037 4.0462962963 306.12962963 0.0023358090025 0.00365475607766 2.47253229072 4.48 1078.5 0.0 283.5 "BUSCO"
M896_040120 FUN_004054-T1 0.00364345054287 0.00344589834675 -0.177768237311 1.07561728395 838.916666667 2.47222222222 220.083333333 0.00229536209337 0.0032227032227 1.67137218298 2.68 741.833333333 0.0 182.166666667 "BUSCO"
M896_040150 FUN_000474-T1 0.00160767255204 0.00196031746032 0.537285911038 0.104938271605 482.666666667 1.03858024691 117.333333333 0.00194222946362 0.0024013024013 0.850406372326 1.18 424.0 0.0 122.0 "BUSCO"
M896_040350 FUN_003520-T1 0.00211535862111 0.00245289148798 0.435983496037 0.935185185185 559.796296296 0.695987654321 124.203703704 0.0012023325251 0.00173847316704 1.43863243595 0.5 477.0 0.42 111.0 "BUSCO"
M896_040390 FUN_000451-T1 0.00290737835935 0.00260687440862 -0.343950060526 1.5462962963 1238.38888889 2.67592592593 255.611111111 0.00167370152642 0.00218855218855 1.2334733704 1.08 834.633333333 1.0 221.366666667 "BUSCO"
M896_040440 FUN_003233-T1 0.00347279497129 0.00440211030649 0.96852484222 7.63271604938 2810.7962963 8.20216049383 663.203703704 0.00185348339824 0.00250520183104 1.61039750458 5.1 2134.06666667 0.92 535.933333333 "BUSCO"
M896_040450 FUN_000447-T1 0.00141853460474 0.00204793028322 0.9936102823 0.401234567901 404.092592593 0.614197530864 105.907407407 0.0011782858746 0.00185185185185 1.46363864356 0.5 233.5 0.0 66.5 "BUSCO"
M896_040490 FUN_000445-T1 0.00346752903381 0.00403153854134 0.553565312631 1.2299382716 1207.63888889 4.76697530864 322.361111111 0.00127244694881 0.00142388608911 0.477226954569 1.78 1118.83333333 0.0 270.166666667 "BUSCO"
M896_040610 FUN_002691-T1 0.00651759142719 0.00398175953732 -1.35025093391 2.16358024691 817.305555556 1.7037037037 181.694444444 0.00266925602659 0.00311638499341 0.709509061618 2.42 738.8 0.18 188.2 "BUSCO"
M896_040620 FUN_002690-T1 0.00412223731293 0.00520508298286 0.825682959903 0.828703703704 568.62962963 2.7237654321 133.37037037 0.000542988882303 0.000819252432156 1.3026779048 0.48 517.533333333 0.0 133.466666667 "BUSCO"
M896_040670 FUN_002671-T1 0.00320010650169 0.00336568118559 0.166525151395 1.58641975309 860.546296296 2.53086419753 195.453703704 0.00144574953938 0.00154510338559 0.263843761233 0.86 788.066666667 0.5 189.933333333 "BUSCO"
M896_040720 FUN_004354-T1 0.00263552877384 0.00249515713997 -0.167413833301 1.34413580247 878.055555556 1.31944444444 219.944444444 0.00147285734325 0.00222222222222 1.95338504403 1.92 762.733333333 0.0 197.266666667 "BUSCO"
M896_040740 FUN_004121-T1 0.0048533511005 0.00459219327144 -0.176419473842 1.23148148148 648.75 2.31790123457 146.25 0.000973789979006 0.00140801958984 1.43863243595 0.92 582.333333333 0.0 143.666666667 "BUSCO"
M896_040750 FUN_002678-T1 0.00359926690755 0.00468688304509 1.08311230987 3.68055555556 2216.62962963 9.14197530864 597.37037037 0.000952791812342 0.00141759009684 2.01814029173 2.42 1774.23333333 0.42 451.766666667 "BUSCO"
M896_040840 FUN_002623-T1 0.00169143905776 0.00219645640487 0.845869924125 0.83024691358 808.333333333 1.89197530864 190.666666667 0.00155037615079 0.00126705653021 -0.657483600019 0.78 540.4 0.0 143.6 "BUSCO"
M896_040870 FUN_002651-T1 0.00339649130713 0.00561144645652 2.04981268764 1.4012345679 690.657407407 3.24691358025 161.342592593 0.00244457650331 0.00270477946826 0.426810526847 1.76 574.933333333 0.0 148.066666667 "BUSCO"
M896_040900 FUN_002660-T1 0.000992390464223 0.00121061684848 0.492444089975 0.277777777778 573.0 0.58024691358 156.0 0.000519068667223 0.000815793767336 1.46363864356 0.5 538.0 0.0 143.0 "BUSCO"
M896_040920 FUN_002635-T1 0.00377251681887 0.00392718659867 0.130504027895 0.260802469136 665.157407407 2.91203703704 165.842592593 0.00217395917822 0.00243269099358 0.477226954569 1.28 640.666666667 0.5 172.333333333 "BUSCO"
M896_040960 FUN_002583-T1 0.00191999110514 0.00207848886193 0.268301106771 2.5462962963 1526.05555556 1.26080246914 357.944444444 0.00155241880711 0.0014053579271 -0.419883313709 1.88 1818.76666667 1.0 458.233333333 "BUSCO"
M896_040980 FUN_002575-T1 0.00322707994023 0.00515776464682 1.85348784796 1.0987654321 663.685185185 3.02314814815 158.314814815 0.000844649372471 0.000663746183459 -0.690979992648 0.18 673.433333333 0.32 163.566666667 "BUSCO"
M896_041040 FUN_002632-T1 0.00485118583192 0.00572808833678 0.634526505043 3.38425925926 1229.00925926 5.75154320988 312.990740741 0.00207627466889 0.00249632892805 0.872846990938 2.26 1080.26666667 0.8 281.733333333 "BUSCO"
M896_041060 FUN_002701-T1 0.00229667507434 0.00291329230105 0.760623499154 0.0 582.694444444 2.08179012346 152.305555556 0.00304729105499 0.00373563218391 0.934489951905 1.42 546.0 0.92 150.0 "BUSCO"
M896_041070 FUN_002702-T1 0.0122966455822 0.0184016067869 1.80378403119 15.099537037 860.546296296 5.23070987654 201.453703704 0.001717617893 0.00157650361732 -0.329435888986 1.46 815.066666667 0.0 213.933333333 "BUSCO"
M896_041080 FUN_002703-T1 0.0038507126995 0.0053828850236 1.16038315506 0.0 398.666666667 2.62191358025 102.333333333 0.00148212059698 0.00191008618682 0.931581857715 0.82 378.8 0.0 98.2 "BUSCO"
M896_041090 FUN_002704-T1 0.00353890184412 0.00420618282254 0.534187682826 0.158950617284 378.111111111 1.79166666667 98.8888888889 0.0015710478328 0.00237037037037 1.64145266725 0.48 363.333333333 0.48 86.6666666667 "BUSCO"
M896_041120 FUN_002709-T1 0.00413186870852 0.00262819561885 -1.12744411641 0.158950617284 504.666666667 1.48148148148 137.333333333 0.00231036445999 0.00286855482934 0.927592122332 1.58 481.6 0.0 130.4 "BUSCO"
M896_041140 FUN_000059-T1 0.00320466289443 0.00287226001512 -0.326033459994 0.0 719.314814815 2.52160493827 183.685185185 0.00172642618989 0.00200786867454 0.625888321833 0.5 640.166666667 0.98 178.833333333 "BUSCO"
M896_041170 FUN_003192-T1 0.00514771999422 0.00385487528345 -0.79943117578 1.38734567901 490.694444444 0.895061728395 118.305555556 0.00187029503904 0.00242994317068 1.07658986818 0.82 449.466666667 0.42 117.533333333 "BUSCO"
M896_041190 FUN_001102-T1 0.00403037687141 0.00393730379803 -0.0792784972741 1.62654320988 1158.21296296 4.0262345679 278.787037037 0.00332692482239 0.00381699346405 0.665329118245 2.48 1005.26666667 1.9 269.733333333 "BUSCO"
M896_041290 FUN_004843-T1 0.00265649687302 0.00335399221568 0.911198848687 0.873456790123 1946.58333333 7.11882716049 504.416666667 0.00129838663867 0.0015100499949 0.703330048893 2.48 1736.03333333 0.48 441.966666667 "BUSCO"
M896_041330 FUN_004494-T1 0.00432490760753 0.003848003848 -0.385012437065 3.58641975309 1312.17592593 2.46296296296 304.824074074 0.00145917755368 0.0021557160876 1.83270352383 1.88 764.833333333 0.0 204.166666667 "BUSCO"
M896_041340 FUN_003964-T1 0.00400739492444 0.0044872690034 0.395682825324 2.23533950617 807.62962963 2.22762345679 215.37037037 0.00248774368917 0.00365394184972 2.0990938444 3.42 1243.1 1.72 319.9 "BUSCO"
M896_041530 FUN_003773-T1 0.00377871753685 0.00159860715416 -1.78740169061 0.668209876543 571.777777778 0.422839506173 130.222222222 0.00228793373708 0.00312837108954 1.41031820313 1.74 497.466666667 0.0 120.533333333 "BUSCO"
M896_041560 FUN_004684-T1 0.00335931578038 0.00433388612493 0.933711476104 1.08024691358 794.5 3.15432098765 210.5 0.00381322289514 0.00520196571977 1.61424699675 2.84 767.166666667 1.5 159.833333333 "BUSCO"
M896_041570 FUN_000889-T1 0.00185760483954 0.00224978880441 0.65407057125 0.833333333333 1111.22222222 2.29012345679 316.777777778 0.00177376368219 0.00187972919156 0.253037066406 1.86 1132.33333333 0.5 262.666666667 "BUSCO"
M896_041580 FUN_004644-T1 0.00222515232116 0.00246791527068 0.318168792222 1.35802469136 700.101851852 0.722222222222 166.898148148 0.00231793942544 0.00216150576806 -0.279198428696 0.68 712.733333333 1.1 202.266666667 "BUSCO"
M896_041610 FUN_000867-T1 0.00619644045905 0.00574749045124 -0.267968499354 12.462191358 2667.77777778 6.4375 641.222222222 0.00208915935212 0.00253918220821 0.992175018224 4.24 2036.23333333 1.56 501.766666667 "BUSCO"
M896_041630 FUN_003617-T1 0.00328490785874 0.00500356125356 1.7288095796 2.48148148148 981.018518519 3.58950617284 266.981481481 0.00309058590058 0.0045415907711 2.02556219684 2.0 725.833333333 1.74 189.166666667 "BUSCO"
M896_041640 FUN_000181-T1 0.0013397271267 0.00283950617284 2.17519619308 0.0 280.666666667 0.993827160494 79.3333333333 0.0 0.0 None 0.0 266.333333333 0.0 69.6666666667 "BUSCO"
M896_041770 FUN_000216-T1 0.00301149037126 0.00415504017809 1.20871312886 0.104938271605 829.268518519 4.10030864198 211.731481481 0.00177185845804 0.00167084377611 -0.183929414409 0.6 309.233333333 0.0 89.7666666667 "BUSCO"
M896_041820 FUN_000233-T1 0.00624338855162 0.00963168438897 1.58269007205 1.05092592593 248.046296296 1.84259259259 60.9537037037 0.00129481964241 0.002035002035 1.46363864356 0.0 221.666666667 0.5 51.3333333333 "BUSCO"
M896_041850 FUN_000221-T1 0.00767481871577 0.0046874584563 -1.30360340953 0.655864197531 476.101851852 2.06481481481 120.898148148 0.00196380979099 0.00308641975309 2.0567183502 1.5 428.666666667 0.0 111.333333333 "BUSCO"
M896_041860 FUN_000222-T1 0.00217253047573 0.00218313551647 0.0109314738198 0.0 271.166666667 0.706790123457 61.8333333333 0.00125349561127 0.00197005516154 1.46363864356 0.5 225.0 0.0 57.0 "BUSCO"
M896_041950 FUN_000252-T1 0.00158391384438 0.0013501185915 -0.361550998973 0.0 469.62037037 0.799382716049 139.37962963 0.00126019879636 0.00198059021588 1.84427289854 1.0 453.666666667 0.0 107.333333333 "BUSCO"
M896_042040 FUN_003943-T1 0.00171759888039 0.0015466015466 -0.259630226601 0.104938271605 567.666666667 0.950617283951 134.333333333 0.00239651364325 0.00276208411802 0.631067856755 1.18 713.933333333 1.02 171.066666667 "BUSCO"
M896_042070 FUN_000264-T1 0.00180232348884 0.00187439200892 0.104279880102 0.054012345679 526.0 1.16512345679 143.0 0.00234484751164 0.00353786622443 1.95338504403 1.92 480.966666667 0.0 122.033333333 "BUSCO"
M896_042100 FUN_000269-T1 0.00134721163579 0.000928142827584 -0.696597268286 0.054012345679 428.342592593 0.430555555556 108.657407407 0.000643872062621 0.00101194090265 1.46363864356 0.5 439.333333333 0.0 109.666666667 "BUSCO"
M896_050040 FUN_004518-T1 0.00232996022035 0.00285765406538 0.618830212289 0.0 492.888888889 1.72530864198 128.111111111 0.0 0.0 None 0.0 464.666666667 0.0 117.333333333 "BUSCO"
M896_050050 FUN_004377-T1 0.00315918187082 0.0027263695386 -0.455902271325 1.36111111111 1124.02777778 2.28086419753 249.972222222 0.000665698234235 0.000627746390458 -0.183929414409 0.6 844.8 0.0 217.2 "BUSCO"
M896_050090 FUN_004476-T1 0.00676123970484 0.00858923008456 0.899692976827 2.27932098765 515.111111111 3.08179012346 126.888888889 0.00266279293694 0.00380832810211 1.65168124353 1.82 431.666666667 0.0 99.3333333333 "BUSCO"
M896_050100 FUN_004471-T1 0.00195527742816 0.00241098241098 0.696026816605 0.87962962963 899.111111111 1.72222222222 210.888888889 0.00251463448847 0.00356820234869 1.77461038378 3.16 780.133333333 0.0 203.866666667 "BUSCO"
M896_050130 FUN_004480-T1 0.004465757089 0.00304119748564 -1.01539533053 0.512345679012 567.361111111 1.56327160494 134.638888889 0.00151062291615 0.00224754669199 1.75514035573 0.42 555.333333333 1.0 146.666666667 "BUSCO"
M896_050140 FUN_003175-T1 0.00313809957606 0.00335891447003 0.223981050101 0.637345679012 780.342592593 2.625 218.657407407 0.000359233498353 0.000361336946703 0.0149919947447 0.32 768.4 0.0 215.6 "BUSCO"
M896_050150 FUN_004482-T1 0.00275286395897 0.0023193447851 -0.410687252024 0.162037037037 350.666666667 0.825617283951 87.3333333333 0.00174560870311 0.00274348422497 1.84427289854 0.0 325.666666667 1.0 79.3333333333 "BUSCO"
M896_050160 FUN_004492-T1 0.00274208205339 0.00307032056874 0.398341771945 0.197530864198 1253.72222222 4.88425925926 330.277777778 0.0014487121409 0.00201882210079 1.62802616939 2.66 1162.0 0.0 302.0 "BUSCO"
M896_050200 FUN_004473-T1 0.00194551230846 0.00147448914256 -0.819941926608 2.07561728395 2101.08333333 2.12345679012 502.916666667 0.00104010102423 0.000896735322965 -0.583828258149 1.42 1913.46666667 0.5 465.533333333 "BUSCO"
M896_050240 FUN_004477-T1 0.00323692460142 0.00383509108341 0.614944962404 1.14043209877 1084.75925926 3.85956790123 256.240740741 0.00180811131652 0.00215970446149 0.804451911126 2.28 930.8 0.0 242.2 "BUSCO"
M896_050270 FUN_000014-T1 0.0014152047113 0.00159847976749 0.337731646666 0.375 683.666666667 0.949074074074 168.333333333 0.000488915300663 0.00076840325803 1.46363864356 0.0 572.333333333 0.5 150.666666667 "BUSCO"
M896_050280 FUN_004460-T1 0.00117634576979 0.00104013421087 -0.259305198512 0.0 487.333333333 0.621913580247 127.666666667 0.00122738111937 0.0014274691358 0.525941395125 0.74 455.733333333 0.0 120.266666667 "BUSCO"
M896_050320 FUN_004448-T1 0.00499055781121 0.00487218292096 -0.0825761503187 2.63425925926 1097.25925926 3.77469135802 255.740740741 0.00136480989336 0.002145002145 2.0567183502 1.0 621.5 0.5 155.5 "BUSCO"
M896_050340 FUN_004447-T1 0.00287084384293 0.00179894179894 -0.973717983149 0.054012345679 327.666666667 0.680555555556 92.3333333333 0.00439658908432 0.00668877833057 2.09055264168 2.0 315.333333333 0.42 86.6666666667 "BUSCO"
M896_050350 FUN_001443-T1 0.00233479416272 0.00330632944741 1.17886377167 1.4012345679 578.185185185 0.922839506173 144.814814815 0.000616903599265 0.000620515803762 0.0149919947447 0.32 460.666666667 0.0 112.333333333 "BUSCO"
M896_050380 FUN_004346-T1 0.00359033572416 0.00335709690548 -0.216178515593 1.06944444444 962.259259259 2.87654320988 246.740740741 0.00156271336153 0.0022792022792 1.83847050307 1.82 905.666666667 0.5 225.333333333 "BUSCO"
M896_050420 FUN_000415-T1 0.00140530817486 0.00110075110075 -0.565177391662 0.362654320988 712.296296296 0.555555555556 145.703703704 0.00100851858025 0.0011729275638 0.525941395125 1.28 561.766666667 0.0 140.233333333 "BUSCO"
M896_050450 FUN_004325-T1 0.00528067626583 0.00670644575754 0.898476104971 2.74691358025 666.62962963 2.61265432099 155.37037037 0.00201072674846 0.00260396915687 1.18305694268 1.24 699.166666667 0.82 179.833333333 "BUSCO"
M896_050470 FUN_004406-T1 0.00170304295767 0.00254461483275 1.28870428399 0.444444444444 561.666666667 1.30709876543 146.333333333 0.000561088511713 0.000881834215168 1.46363864356 0.0 502.333333333 0.5 127.666666667 "BUSCO"
M896_050500 FUN_004434-T1 0.00210153274777 0.0028374312688 1.02121383015 0.436728395062 757.037037037 2.09567901235 160.962962963 0.00290422574725 0.00333854981742 0.63343039575 1.34 679.433333333 1.22 172.566666667 "BUSCO"
M896_050540 FUN_004439-T1 0.00311991248684 0.00337150588292 0.285046213701 2.55092592593 2109.80555556 6.06327160494 518.194444444 0.00109607988335 0.000887166236003 -0.822322429505 1.32 2050.03333333 0.74 529.966666667 "BUSCO"
M896_050550 FUN_003355-T1 0.00440666389501 0.0052519978796 0.669790908991 1.54012345679 1246.25925926 6.56327160494 340.740740741 0.00248583517847 0.0028129395218 0.583249442133 3.1 1147.53333333 0.5 274.466666667 "BUSCO"
M896_050580 FUN_001244-T1 0.00209530782849 0.00122370169764 -1.28872588314 0.736111111111 1017.0462963 0.770061728395 248.953703704 0.000338587894999 0.000532141336739 1.46363864356 0.5 814.833333333 0.0 229.166666667 "BUSCO"
M896_050630 FUN_004170-T1 0.00319934836227 0.00350153991945 0.337545361466 5.11419753086 2440.62962963 5.14969135802 574.37037037 0.00163084550117 0.00196505617498 0.925614395563 3.1 2102.86666667 1.5 498.133333333 "BUSCO"
M896_050660 FUN_004463-T1 0.00249076029189 0.00203442879499 -0.567592466386 0.574074074074 837.064814815 1.53240740741 227.935185185 0.00253006169392 0.00286298568507 0.557351729881 2.1 778.833333333 0.42 199.166666667 "BUSCO"
M896_050680 FUN_004368-T1 0.00266170952325 0.00204573857995 -0.810249597361 1.50925925926 2183.37037037 3.89660493827 534.62962963 0.00244838623293 0.00299182299182 1.02747933224 5.24 1824.7 0.98 485.3 "BUSCO"
M896_050720 FUN_002323-T1 0.00580387202903 0.0065192061582 0.415192256444 3.625 689.351851852 1.64197530864 141.648148148 0.0 0.0 None 0.0 461.333333333 0.0 105.666666667 "BUSCO"
M896_050740 FUN_003490-T1 0.00273413699327 0.00334467120181 0.752225165836 1.34567901235 1440.90740741 4.39043209877 323.092592593 0.00141394304952 0.00185185185185 1.28125806065 2.32 1217.23333333 0.18 282.766666667 "BUSCO"
M896_050750 FUN_004290-T1 0.00176022542194 0.00202757502028 0.415001085975 0.0 642.0 1.62037037037 180.0 0.00266781707456 0.00285115303983 0.284299748012 2.04 628.2 0.0 166.8 "BUSCO"
M896_050760 FUN_004304-T1 0.0017249705494 0.00278629334423 1.6045507917 1.44907407407 566.555555556 0.444444444444 132.444444444 0.00102907063284 0.00109978974608 0.221711048181 0.18 555.666666667 0.5 131.333333333 "BUSCO"
M896_050800 FUN_004287-T1 0.00527771292337 0.00582366878663 0.369084693421 2.66512345679 1412.53703704 7.42438271605 369.462962963 0.0016508383532 0.00216643964455 1.34749442866 2.34 1368.36666667 1.0 344.633333333 "BUSCO"
M896_050840 FUN_004372-T1 0.00137137422418 0.00128872779791 -0.191830531438 1.50617283951 1821.99074074 1.35802469136 464.009259259 0.000836850763208 0.000883838383838 0.225144815958 1.68 1654.8 0.0 457.2 "BUSCO"
M896_050850 FUN_004370-T1 0.000992390464223 0.00153504474492 1.06249808168 0.239197530864 385.666666667 0.486111111111 100.333333333 0.000780321771256 0.000441501103753 -1.11173317656 0.18 364.733333333 0.0 88.2666666667 "BUSCO"
M896_050870 FUN_004286-T1 0.00198478092845 0.00242014501274 0.537285911038 0.0 397.333333333 1.14351851852 88.6666666667 0.00549866741478 0.00681481481481 1.01382372509 2.76 362.133333333 0.0 87.8666666667 "BUSCO"
M896_050900 FUN_004430-T1 0.00287084384293 0.0031783824641 0.279368705025 0.345679012346 326.666666667 0.952160493827 93.3333333333 0.00165955756985 0.00156494522692 -0.183929414409 0.6 330.866666667 0.0 95.1333333333 "BUSCO"
M896_050960 FUN_004315-T1 0.00232514625295 0.00264003673095 0.435872618453 0.152777777778 1135.97222222 3.57407407407 316.027777778 0.000542988882303 0.00058030380611 0.221711048181 0.68 1036.6 0.0 265.4 "BUSCO"
M896_050990 FUN_000458-T1 0.00295286795273 0.00345427059713 0.565053216287 1.55555555556 1170.15740741 3.38117283951 299.842592593 0.00136692096821 0.00139211136891 0.0738955327913 1.44 1046.46666667 0.18 246.533333333 "BUSCO"
M896_051040 FUN_004328-T1 0.00254000310267 0.00306642276903 0.684825480282 0.0 1293.7037037 4.81172839506 320.296296296 0.000711238958509 0.00111781801923 2.0567183502 0.5 1187.0 1.0 304.0 "BUSCO"
M896_051060 FUN_004347-T1 0.00243586750309 0.00272275423791 0.364875679184 0.720679012346 874.333333333 2.16203703704 214.666666667 0.0003496397254 0.000549510935268 1.46363864356 0.5 797.5 0.0 213.5 "BUSCO"
M896_051130 FUN_004339-T1 0.00274815820862 0.0037444037444 1.05720589694 0.054012345679 560.990740741 2.50154320988 141.009259259 0.00109100543944 0.00126886145405 0.525941395125 0.74 518.466666667 0.0 129.533333333 "BUSCO"
M896_051160 FUN_004341-T1 0.00432293996139 0.00438494055302 0.0535897580623 18.5848765432 5714.01851852 11.9922839506 1260.98148148 0.00152177142476 0.00193613047242 1.2837960939 6.9 3936.46666667 1.6 941.533333333 "BUSCO"
M896_051200 FUN_004356-T1 0.00229013184051 0.00176216102142 -0.702296623093 1.01851851852 847.833333333 0.78549382716 205.166666667 0.000748118015617 0.00115226337449 1.7428627829 0.98 754.1 0.0 190.9 "BUSCO"
M896_051220 FUN_003767-T1 0.00343887176907 0.00294825000707 -0.416069370256 1.36651234568 448.824074074 0.241512345679 112.175925926 0.00219556374148 0.00230043708305 0.171855884771 1.0 389.033333333 0.0 93.9666666667 "BUSCO"
M896_051230 FUN_004361-T1 0.0 0.0 None 0.0 248.333333333 0.0 63.6666666667 0.0 0.0 None 0.0 240.333333333 0.0 59.6666666667 "BUSCO"
M896_051240 FUN_004363-T1 0.00156591482342 0.00181749467464 0.35978245083 0.0 366.62962963 0.816358024691 95.3703703704 0.00141962153566 0.00133868808568 -0.183929414409 0.6 397.633333333 0.0 100.366666667 "BUSCO"
M896_051250 FUN_004295-T1 0.0030595844416 0.00377388428138 0.823434164446 0.54475308642 2102.51851852 8.99845679012 498.481481481 0.00113608830884 0.00137741046832 0.89970572629 2.22 1729.4 0.48 448.6 "BUSCO"
M896_051350 FUN_004300-T1 0.00112537078643 0.00112063492063 -0.011922227141 0.293209876543 1202.14814815 1.34104938272 297.851851852 0.00197202656836 0.00272741360607 1.65262492434 3.02 1125.56666667 0.5 308.433333333 "BUSCO"
M896_051410 FUN_002944-T1 0.00497071902133 0.0044608970404 -0.363291404414 2.22530864198 1324.38888889 5.13888888889 373.611111111 0.00191202575999 0.00220869957178 0.669426660485 1.48 1166.6 1.46 312.4 "BUSCO"
M896_051420 FUN_002676-T1 0.00119381625152 0.00143669128818 0.555882982104 0.152777777778 940.972222222 1.54012345679 271.027777778 0.000642117642832 0.000363306085377 -1.40085080218 0.36 878.666666667 0.0 222.333333333 "BUSCO"
M896_051430 FUN_004212-T1 0.00419914472548 0.00368790965806 -0.391841226944 0.75462962963 657.083333333 2.12808641975 146.916666667 0.00286610077605 0.003003003003 0.209156317539 2.58 906.833333333 0.42 203.166666667 "BUSCO"
M896_051440 FUN_004265-T1 0.00925021227535 0.0106806564434 0.555058410448 9.63425925926 893.175925926 2.16203703704 228.824074074 0.00149782102703 0.00122410546139 -0.657483600019 0.78 571.666666667 0.0 136.333333333 "BUSCO"
M896_051480 FUN_002280-T1 0.00595706663839 0.00753496274997 0.962352619502 8.85185185185 1792.48148148 7.68827160494 394.518518519 0.00163238597236 0.00197779643623 0.947496844037 3.34 1917.16666667 0.9 464.833333333 "BUSCO"
M896_051560 FUN_000215-T1 0.00365380125464 0.00303431136764 -0.463262649467 0.768518518519 327.62962963 0.399691358025 68.3703703704 0.0 0.0 None 0.0 262.333333333 0.0 67.6666666667 "BUSCO"
M896_051570 FUN_003452-T1 0.00273413699327 0.00332217543102 0.560884070587 0.58024691358 349.37037037 0.844135802469 91.6296296296 0.00226593437422 0.0025641025641 0.47343387924 0.66 370.066666667 0.42 97.9333333333 "BUSCO"
M896_051620 FUN_003250-T1 0.00363022834332 0.00505205666496 1.26056008782 0.854938271605 742.703703704 3.71296296296 187.296296296 0.00124466817739 0.00130412102243 0.171855884771 0.0 685.0 1.0 167.0 "BUSCO"
M896_051690 FUN_000622-T1 0.00609846885709 0.00766813469126 0.9116794718 5.39969135802 1103.92592593 5.71296296296 282.074074074 0.0015469836428 0.00183159089067 0.761105897533 0.5 1087.06666667 1.76 283.933333333 "BUSCO"
M896_051700 FUN_000735-T1 0.00187812214023 0.00229441724769 0.675225165174 0.054012345679 1011.62962963 2.81018518519 272.37037037 0.00170354584279 0.00239178937974 1.67137218298 1.0 978.0 1.68 267.0 "BUSCO"
M896_051720 FUN_000747-T1 0.00387541594971 0.00531815975051 1.30682448543 2.11111111111 1531.51851852 7.86265432099 397.481481481 0.00111685864891 0.00129892926101 0.674413870347 1.16 1493.0 1.06 406.0 "BUSCO"
M896_051730 FUN_003497-T1 0.00643682051341 0.00654440358921 0.058185757298 5.40432098765 855.5 1.70987654321 194.5 0.00224008721406 0.00239402901 0.27556124368 0.18 628.933333333 1.52 160.066666667 "BUSCO"
M896_051740 FUN_000751-T1 0.00265000970117 0.00302924588639 0.427378713531 0.108024691358 663.351851852 2.30401234568 155.648148148 0.000436402175777 0.000576131687243 0.819795688532 0.0 650.0 0.42 160.0 "BUSCO"
M896_051750 FUN_000755-T1 0.00732961336021 0.00641222900259 -0.466377167063 13.4336419753 2982.91666667 9.98919753086 671.083333333 0.00241640657876 0.00333478009259 1.79191741051 4.28 2463.2 4.94 608.8 "BUSCO"
M896_051780 FUN_004214-T1 0.00311691617232 0.00391642371234 0.859059917252 2.52777777778 1164.66666667 3.06944444444 305.333333333 0.00218201087888 0.00257582685566 0.790293391735 2.06 1137.03333333 1.32 320.966666667 "BUSCO"
M896_051800 FUN_000761-T1 0.00325330027394 0.00418194634046 0.979948124643 2.58024691358 1440.06481481 4.65277777778 338.935185185 0.000611567062939 0.00079456619249 1.07658986818 0.5 1385.33333333 0.74 348.666666667 "BUSCO"
M896_051880 FUN_000435-T1 0.00397822902252 0.00422279214128 0.217299953872 4.18672839506 1631.12962963 4.27469135802 429.87037037 0.00207810559894 0.00233849369652 0.55538464336 1.34 1322.2 2.24 378.8 "BUSCO"
M896_051950 FUN_003373-T1 0.00361274730796 0.00268117234409 -0.751995326946 0.359567901235 430.972222222 1.03240740741 103.027777778 0.00139442115337 0.00149024764409 0.221711048181 0.68 404.833333333 0.0 102.166666667 "BUSCO"
M896_051960 FUN_000430-T1 0.00126257006705 0.000290866783013 -1.72349662315 0.054012345679 464.0 0.108024691358 109.0 0.00340545050461 0.00492399914365 1.78805407535 2.3 413.0 0.0 106.0 "BUSCO"
M896_051970 FUN_000421-T1 0.00200959069005 0.0016512345679 -0.48724254668 0.404320987654 575.055555556 0.751543209877 144.944444444 0.00202280836841 0.00317914481005 2.19474808443 1.0 554.0 1.0 145.0 "BUSCO"
M896_052020 FUN_003752-T1 0.00318351000404 0.0037298967992 0.500528597282 1.16820987654 495.046296296 1.02932098765 110.953703704 0.00239245862862 0.00360970107163 1.95338504403 1.42 474.766666667 0.5 116.233333333 "BUSCO"
M896_052130 FUN_000772-T1 0.0 0.0 None 0.0 249.0 0.0 72.0 0.0 0.0 None 0.0 248.0 0.0 70.0 "BUSCO"
M896_052150 FUN_003477-T1 0.00453931073517 0.00534204793028 0.607100353728 4.19907407407 1030.25 2.42283950617 244.75 0.000268402249339 0.000269973846284 0.0149919947447 0.32 1051.53333333 0.0 265.466666667 "BUSCO"
M896_052180 FUN_003453-T1 0.00570572722019 0.00653035976627 0.5108670798 4.62654320988 1159.22222222 4.49691358025 277.777777778 0.00127612188584 0.00171145875117 1.41129610143 1.6 1323.06666667 0.96 338.933333333 "BUSCO"
M896_060090 FUN_003343-T1 0.00472844868247 0.00627958785854 1.16846305727 3.23148148148 1534.72222222 8.60030864198 403.277777778 0.00143693399341 0.00166473093302 0.671469728684 2.26 1381.36666667 0.32 340.633333333 "BUSCO"
M896_060120 FUN_004190-T1 0.00220927517722 0.0027898027898 0.836416712834 1.36882716049 1154.58333333 2.4799382716 264.416666667 0.00123251660523 0.00131721679839 0.27556124368 0.6 1155.33333333 1.1 278.666666667 "BUSCO"
M896_060210 FUN_004523-T1 0.00270106275545 0.00214271491153 -0.712408279756 1.32407407407 1766.81481481 3.32561728395 465.185185185 0.00158584909098 0.00200388814117 1.16841021637 1.1 1749.63333333 2.92 479.366666667 "BUSCO"
M896_060290 FUN_000991-T1 0.00368732236707 0.00461466271864 0.905078461643 6.51851851852 2384.23148148 6.68518518519 558.768518519 0.00834779080537 0.0067137169743 -0.960273684532 8.12 1976.6 7.3 480.4 "BUSCO"
M896_060330 FUN_002396-T1 0.00815486077122 0.0164481251438 2.88112832029 0.5 166.5 2.81018518519 40.5 0.0 0.0 None 0.0 171.666666667 0.0 35.3333333333 "BUSCO"
M896_060450 FUN_003459-T1 0.00373366576294 0.00295848151039 -0.73388490636 3.5524691358 1755.62037037 2.76388888889 440.37962963 0.00137187229901 0.00134157443342 -0.0967053004582 1.72 1850.8 1.08 468.2 "BUSCO"
M896_060470 FUN_003718-T1 0.00721777094449 0.00863811050877 0.716181718601 8.3325617284 1512.03703704 7.5362654321 359.962962963 0.000737581142158 0.00100852025735 1.41031820313 1.42 1522.53333333 0.32 394.466666667 "BUSCO"
M896_060520 FUN_000065-T1 0.00291467351992 0.00271113534472 -0.233874017203 1.08950617284 1243.41666667 3.05401234568 328.583333333 0.00207932801399 0.00262890341322 1.15732733333 1.1 1197.16666667 2.52 332.833333333 "BUSCO"
M896_060610 FUN_003334-T1 0.00332163750422 0.0036359263632 0.288235783608 0.331790123457 573.666666667 2.23456790123 152.333333333 0.0 0.0 None 0.0 517.666666667 0.0 124.333333333 "BUSCO"
M896_060650 FUN_001500-T1 0.00294086442447 0.00284875467802 -0.0855792683551 0.461419753086 397.333333333 0.901234567901 94.6666666667 0.00211668121185 0.00306054557552 1.6043513585 1.38 399.333333333 0.0 101.666666667 "BUSCO"
M896_060710 FUN_001472-T1 0.00494778796123 0.00560299052717 0.452718411618 3.8325617284 913.064814815 2.51929012346 208.935185185 0.0014487121409 0.00212507589557 1.67974585712 0.9 582.0 0.5 150.0 "BUSCO"
M896_060720 FUN_001473-T1 0.00297717139267 0.00402867594226 1.11016381212 0.0 779.240740741 3.80709876543 192.759259259 0.00108764849963 0.0017094017094 2.0567183502 0.0 777.0 1.5 198.0 "BUSCO"
M896_060770 FUN_002341-T1 0.00237419997137 0.00198022012368 -0.534080900559 1.07716049383 1141.90740741 1.66049382716 280.092592593 0.000491977400667 0.000711358540169 1.43863243595 0.92 1133.8 0.0 303.2 "BUSCO"
M896_060850 FUN_003112-T1 0.00446826453262 0.00522624172259 0.59831244045 2.1512345679 1443.12962963 7.28549382716 338.87037037 0.00149420310184 0.00197262479871 1.3561777215 2.52 1320.46666667 0.42 335.533333333 "BUSCO"
M896_060920 FUN_004236-T1 0.00341663524239 0.00359770926493 0.19022912422 2.71913580247 2440.39814815 8.00308641975 595.601851852 0.0017691980099 0.00234308382457 1.49408164831 2.18 2356.1 4.14 640.9 "BUSCO"
M896_060970 FUN_002870-T1 0.00153777374543 0.00142995169082 -0.217221731768 0.478395061728 1373.64814815 1.91975308642 351.351851852 0.000476075100847 0.00068836513281 1.43863243595 0.92 1190.8 0.0 294.2 "BUSCO"
M896_070090 FUN_003044-T1 0.00206111865646 0.00204856871524 -0.0149143430944 0.725308641975 375.425925926 0.206790123457 92.5740740741 0.000685049927091 0.000387596899225 -1.11173317656 0.0 414.333333333 0.18 101.666666667 "BUSCO"
M896_070100 FUN_003023-T1 0.00382779179057 0.00370055429579 -0.0969397114015 0.162037037037 404.796296296 1.6512345679 99.2037037037 0.00280544255856 0.00304232804233 0.324184521333 0.74 401.0 0.64 103.0 "BUSCO"
M896_070110 FUN_003022-T1 0.00258468255955 0.0027135541605 0.151887193212 0.054012345679 731.0 2.40740740741 202.0 0.000755311458075 0.000878442545109 0.525941395125 0.0 740.333333333 0.74 195.666666667 "BUSCO"
M896_070170 FUN_001617-T1 0.00349494033052 0.00426895395839 0.627425960138 0.313271604938 397.666666667 1.69135802469 85.3333333333 0.00185556830645 0.00262467191601 1.33722232031 0.9 302.266666667 0.0 78.7333333333 "BUSCO"
M896_070200 FUN_001132-T1 0.0164761472725 0.0200088731145 0.785898762092 8.41358024691 760.435185185 10.3780864198 205.564814815 0.000344528033508 0.000346545375785 0.0149919947447 0.32 807.333333333 0.0 218.666666667 "BUSCO"
M896_070310 FUN_001139-T1 0.00139393573876 0.000957274367679 -0.701510662328 0.054012345679 419.657407407 0.429012345679 99.3425925926 0.000650986671048 0.000654798444854 0.0149919947447 0.0 445.333333333 0.32 97.6666666667 "BUSCO"
M896_070330 FUN_001144-T1 0.00416803994974 0.00475406623555 0.452517686642 0.054012345679 629.0 3.68981481481 181.0 0.00187029503904 0.00282186948854 2.04013621396 0.0 723.666666667 2.4 221.333333333 "BUSCO"
M896_070470 FUN_001062-T1 0.00426022015185 0.00431840487628 0.0486474229504 1.8387345679 1733.66666667 7.19212962963 417.333333333 0.00154783037714 0.00169068904701 0.398199553214 2.0 1451.83333333 0.78 375.166666667 "BUSCO"
M896_070490 FUN_001063-T1 0.00313662204109 0.00386684640701 0.769265370668 0.969135802469 1048.43518519 4.59104938272 259.564814815 0.00223371729781 0.00272073020888 0.940653767755 0.84 999.533333333 2.26 266.466666667 "BUSCO"
M896_070530 FUN_001082-T1 0.0022432640261 0.00165784832451 -0.868421830683 0.921296296296 1550.18518519 2.1975308642 384.814814815 0.00172152157003 0.00170755170755 -0.0355329768587 1.88 1489.76666667 0.96 358.233333333 "BUSCO"
M896_070560 FUN_000509-T1 0.00296345170883 0.00414746543779 1.1651820973 0.875771604938 511.601851852 1.74922839506 139.398148148 0.000592103454571 0.000930578820026 1.46363864356 0.5 463.0 0.0 134.0 "BUSCO"
M896_070590 FUN_004841-T1 0.00229667507434 0.00210884353741 -0.200324647401 0.807098765432 335.962962963 0.054012345679 84.037037037 0.0 0.0 None 0.0 331.0 0.0 86.0 "BUSCO"
M896_070610 FUN_001030-T1 0.00229667507434 0.00237003443353 0.0953908137985 0.302469135802 745.018518519 1.875 199.981481481 0.0 0.0 None 0.0 710.0 0.0 181.0 "BUSCO"
M896_080110 FUN_003695-T1 0.00123350835195 0.000721254685449 -1.13469977144 0.490740740741 919.953703704 0.331790123457 253.046296296 0.0 0.0 None 0.0 917.333333333 0.0 252.666666667 "BUSCO"
M896_080120 FUN_003633-T1 0.00166310953659 0.0018354314906 0.232034205728 0.722222222222 346.666666667 0.054012345679 88.3333333333 0.00247192840824 0.0029526029526 0.699617375091 0.48 338.2 0.66 90.8 "BUSCO"
M896_080220 FUN_003573-T1 0.00448842590671 0.00587113582037 0.95438834378 0.836419753086 473.092592593 2.53703703704 117.907407407 0.000711955211237 0.00093991272239 1.03299197336 0.42 799.433333333 0.42 193.566666667 "BUSCO"
M896_080270 FUN_003574-T1 0.00177971131222 0.00184697085066 0.103262422201 0.0 650.407407407 1.45987654321 162.592592593 0.000475115272015 0.000716845878136 1.3026779048 0.0 595.333333333 0.48 148.666666667 "BUSCO"
M896_080360 FUN_003631-T1 0.0021270199145 0.00194314648559 -0.296773030308 0.439814814815 2171.27777778 4.70061728395 549.722222222 0.00141450885306 0.00194744564492 1.6699765943 4.38 1957.56666667 0.0 541.433333333 "BUSCO"
M896_080380 FUN_003630-T1 0.00191389589529 0.00121357184849 -0.819432119346 0.054012345679 301.314814815 0.391975308642 76.6851851852 0.00208546172495 0.00327761389708 1.84427289854 1.0 276.5 0.0 62.5 "BUSCO"
M896_080560 FUN_000219-T1 0.00490892382303 0.00627246657781 0.81006037166 0.70524691358 310.398148148 1.69135802469 82.6018518519 0.000965808093932 0.00127504553734 0.819795688532 0.42 295.0 0.0 71.0 "BUSCO"
M896_080590 FUN_003354-T1 0.00236422434124 0.00289226801832 0.632753861698 1.0 582.777777778 1.00771604938 131.222222222 0.00107442480966 0.00123832038726 0.548828377857 0.68 789.866666667 0.42 197.133333333 "BUSCO"
M896_080710 FUN_003809-T1 0.00571899326813 0.00272497229019 -1.74213582366 0.404320987654 575.685185185 1.60648148148 183.314814815 0.00140830981027 0.00221336874723 2.0567183502 0.5 566.0 1.0 187.0 "BUSCO"
M896_080720 FUN_003815-T1 0.00491331644484 0.00436333123558 -0.398007204523 6.11111111111 1460.71296296 1.80555555556 357.287037037 0.00242321002488 0.00316100161859 1.31359104025 2.0 921.233333333 1.32 245.766666667 "BUSCO"
M896_080730 FUN_003816-T1 0.00280157415235 0.00300438316524 0.230427741288 0.558641975309 892.092592593 2.70987654321 226.907407407 0.000883714405948 0.000759259259259 -0.506694602784 0.0 942.666666667 0.82 257.333333333 "BUSCO"
M896_080740 FUN_003820-T1 0.00674233595917 0.00693205520792 0.10272689971 8.56481481481 1750.91666667 6.20987654321 397.083333333 0.00146674590199 0.00196711234056 1.41129610143 2.38 1151.26666667 0.18 294.733333333 "BUSCO"
M896_080770 FUN_003846-T1 0.00644788456701 0.00817248111366 0.921783749684 1.68518518519 737.064814815 6.20524691358 198.935185185 0.000381322289514 0.000383555076112 0.0149919947447 0.32 742.8 0.0 184.2 "BUSCO"
M896_080790 FUN_003844-T1 0.00180637365398 0.00309930047758 1.95570948194 1.02777777778 636.194444444 1.38580246914 164.805555556 0.00140830981027 0.0016526486646 0.624222876474 0.48 597.466666667 0.64 155.533333333 "BUSCO"
M896_080850 FUN_003478-T1 0.00297717139267 0.00273858514599 -0.233709565196 0.305555555556 517.37037037 1.41975308642 130.62962963 0.000598114657156 0.000789622109419 0.819795688532 0.0 464.666666667 0.42 126.333333333 "BUSCO"
M896_080870 FUN_003900-T1 0.00342970144435 0.00462222222222 1.13997367177 2.75462962963 905.5 2.30092592593 219.5 0.00307646442453 0.00404216226671 1.39132860656 3.5 917.0 0.68 232.0 "BUSCO"
M896_080880 FUN_003901-T1 0.00254916366603 0.00257055605893 0.0272747141418 1.88117283951 1140.57407407 1.66512345679 278.425925926 0.00375685351321 0.00515297906602 1.66404608871 4.32 825.466666667 0.48 209.533333333 "BUSCO"
M896_080930 FUN_001966-T1 0.00342057989796 0.00606214116852 2.25214251431 0.401234567901 444.981481481 2.92283950617 119.018518519 0.000633487029353 0.000995619275189 1.46363864356 0.5 442.5 0.0 115.5 "BUSCO"
M896_080960 FUN_002531-T1 0.00156301498115 0.000761316872428 -1.4531195993 0.331790123457 860.546296296 0.467592592593 219.453703704 0.00111509704221 0.000911321416053 -0.657483600019 0.78 753.233333333 0.0 197.766666667 "BUSCO"
M896_081000 FUN_001370-T1 0.000956947947643 0.00141093474427 0.698535095541 0.0 197.0 0.345679012346 55.0 0.00135435158 0.000766283524904 -1.11173317656 0.18 202.733333333 0.0 58.2666666667 "BUSCO"
M896_081010 FUN_004529-T1 0.00199148626942 0.0026026026026 0.950680716959 0.0 1069.66666667 3.37037037037 262.333333333 0.000562427625106 0.000813223724918 1.43863243595 0.42 999.1 0.5 257.9 "BUSCO"
M896_081140 FUN_004000-T1 0.0049764584586 0.0052559745595 0.192825052712 4.13425925926 937.259259259 2.19598765432 226.740740741 0.00253006169392 0.00384003635537 2.19304304606 2.42 797.366666667 0.96 180.633333333 "BUSCO"
M896_081160 FUN_004679-T1 0.00184366118353 0.00247318091355 1.04015815712 0.197530864198 1029.11111111 2.9475308642 278.888888889 0.00262489427509 0.0024935826916 -0.219049947657 2.22 965.2 0.5 246.8 "BUSCO"
M896_081240 FUN_004711-T1 0.00306223343246 0.00319223985891 0.123811631566 1.03858024691 501.203703704 0.916666666667 128.796296296 0.00282465791855 0.00380517503805 1.4702957203 2.32 700.766666667 0.68 175.233333333 "BUSCO"
M896_081250 FUN_004713-T1 0.00322918446608 0.00372192237329 0.531211237545 0.878086419753 1643.55555556 6.68827160494 447.444444444 0.00124969713972 0.00150392817059 0.861666393355 1.68 1551.86666667 1.0 428.133333333 "BUSCO"
M896_081300 FUN_004735-T1 0.00356129995705 0.00302056124841 -0.430162499652 1.14043209877 381.740740741 0.251543209877 92.2592592593 0.00166542173088 0.00175369716006 0.203503001134 0.92 672.066666667 0.42 176.933333333 "BUSCO"
M896_081310 FUN_002658-T1 0.0079491377447 0.0115724056188 1.69292158554 25.6535493827 2406.53703704 9.58410493827 569.462962963 0.00169537535913 0.00221156408207 1.31359104025 2.08 1329.2 1.24 338.8 "BUSCO"
M896_081360 FUN_004748-T1 0.00420612004894 0.00620770271933 1.42115828181 0.569444444444 409.509259259 2.54475308642 106.490740741 0.001386218676 0.00148148148148 0.221711048181 0.68 408.0 0.0 102.0 "BUSCO"
M896_081570 FUN_004811-T1 0.00521190602906 0.00473551570808 -0.316147096612 0.831790123457 967.351851852 4.70679012346 235.648148148 0.000625085344614 0.000982414775518 1.84427289854 1.0 916.5 0.0 214.5 "BUSCO"
M896_081600 FUN_004824-T1 0.00476852028148 0.0028517621738 -1.29370128518 0.503086419753 570.972222222 1.45987654321 137.027777778 0.00161409023917 0.00233384069001 1.6043513585 0.9 525.633333333 0.48 131.366666667 "BUSCO"
M896_081610 FUN_004833-T1 0.00263552877384 0.00266904576038 0.0409305459691 0.320987654321 1008.61111111 3.00308641975 272.388888889 0.000613690559686 0.000713734567901 0.525941395125 0.32 917.733333333 0.42 234.266666667 "BUSCO"
M896_081660 FUN_003045-T1 0.00718512872421 0.00593242883746 -0.571607170218 0.428240740741 433.972222222 2.66898148148 103.027777778 0.00406305473999 0.00464027245636 0.587721843162 2.18 419.033333333 0.0 102.966666667 "BUSCO"
M896_081680 FUN_004842-T1 0.00186938668842 0.00167343423157 -0.286410907518 0.054012345679 602.666666667 1.20524691358 171.333333333 0.00255040232597 0.0037518037518 1.88888693079 2.34 550.033333333 0.0 142.966666667 "BUSCO"
M896_090050 FUN_003260-T1 0.00261646527457 0.00212884028436 -0.620179971954 1.49537037037 1344.02777778 1.93827160494 314.972222222 0.0018362896747 0.00236652236652 1.19456603346 1.96 909.266666667 0.5 245.733333333 "BUSCO"
M896_090110 FUN_001223-T1 0.00237587076656 0.00246305418719 0.100264935049 0.108024691358 496.212962963 1.35030864198 112.787037037 0.0 0.0 None 0.0 429.333333333 0.0 113.666666667 "BUSCO"
M896_090180 FUN_003212-T1 0.00270956048097 0.00250480550106 -0.225676431338 0.0 634.648148148 1.95061728395 166.351851852 0.00218201087888 0.00255144032922 0.678892665457 1.86 641.7 0.0 168.3 "BUSCO"
M896_090190 FUN_003207-T1 0.00445721835652 0.00451708195494 0.0468942673684 4.83487654321 1292.33333333 2.05555555556 276.666666667 0.00140272127928 0.00167548500882 0.746569842032 1.52 792.266666667 0.0 215.733333333 "BUSCO"
M896_090200 FUN_003189-T1 0.00323150261717 0.00356544627901 0.338808171264 0.858024691358 969.972222222 3.28086419753 224.027777778 0.000340545050461 0.000513808606294 1.3026779048 0.48 824.466666667 0.0 213.533333333 "BUSCO"
M896_090210 FUN_003199-T1 0.0019786739102 0.00156613756614 -0.608027059793 0.269290123457 787.944444444 1.21527777778 187.055555556 0.00166542173088 0.00222483968067 1.28963668293 1.22 673.4 0.48 175.6 "BUSCO"
M896_090250 FUN_004526-T1 0.00549384505194 0.00609988199916 0.36944407825 3.01543209877 686.231481481 1.93055555556 147.768518519 0.000540498107613 0.000713557594292 0.819795688532 0.0 518.666666667 0.42 135.333333333 "BUSCO"
M896_090270 FUN_003154-T1 0.00274815820862 0.00298014742459 0.206771890316 0.0 279.296296296 1.01697530864 71.7037037037 0.0 0.0 None 0.0 266.666666667 0.0 75.3333333333 "BUSCO"
M896_090310 FUN_003147-T1 0.00231319791661 0.00259601842336 0.29947704247 0.0 323.666666667 1.0524691358 93.3333333333 0.00372875276771 0.0033286451008 -0.430268744431 0.6 371.233333333 0.82 102.766666667 "BUSCO"
M896_090340 FUN_002569-T1 0.00450749313656 0.00281362804727 -1.18120014303 0.108024691358 511.342592593 1.64814814815 130.657407407 0.000558429324453 0.000842548709847 1.3026779048 0.0 500.666666667 0.48 132.333333333 "BUSCO"
M896_090400 FUN_004509-T1 0.0036151366911 0.0049060776574 1.17995029209 3.83179012346 944.861111111 1.57716049383 189.138888889 0.0 0.0 None 0.0 413.333333333 0.0 114.666666667 "BUSCO"
M896_090450 FUN_003326-T1 0.00544135325306 0.00625478225478 0.508762720672 2.12191358025 786.472222222 3.80709876543 188.527777778 0.00055189033939 0.00058981698326 0.221711048181 0.68 1032.66666667 0.0 248.333333333 "BUSCO"
M896_090480 FUN_004278-T1 0.00358144875455 0.00514956257531 1.45702028711 3.00771604938 971.861111111 3.06018518519 240.138888889 0.00119018775212 0.00177702955481 1.89304428393 1.48 965.033333333 0.42 222.966666667 "BUSCO"
M896_090510 FUN_000614-T1 0.00414790960936 0.0042036189723 0.0468942673684 2.97067901235 1354.42592593 3.91975308642 331.574074074 0.000890953402342 0.000980186235385 0.384525281433 0.92 1269.73333333 0.48 317.266666667 "BUSCO"
M896_090630 FUN_004173-T1 0.00319707609781 0.00174062049062 -1.2906186017 0.216049382716 428.351851852 0.677469135802 99.6481481481 0.00269322485622 0.00406349206349 1.95338504403 1.5 421.333333333 0.42 103.666666667 "BUSCO"
M896_090660 FUN_003487-T1 0.00272842600216 0.001845635266 -1.0299003857 0.20987654321 910.592592593 1.85185185185 238.407407407 0.00196380979099 0.00201058201058 0.100879734669 1.68 995.533333333 0.6 264.466666667 "BUSCO"
M896_090670 FUN_004148-T1 0.00288803452462 0.00343440103919 0.516915649132 0.401234567901 403.814814815 1.27160493827 97.1851851852 0.000760184435224 0.00100358422939 0.819795688532 0.0 369.533333333 0.42 95.4666666667 "BUSCO"
M896_090690 FUN_004150-T1 0.00145271616148 0.00250207177918 1.61761132568 0.0 396.666666667 1.21141975309 101.333333333 0.0 0.0 None 0.0 381.666666667 0.0 101.333333333 "BUSCO"
M896_090710 FUN_004123-T1 0.00523723536203 0.00558767765086 0.227728280208 2.16049382716 811.62037037 3.91203703704 202.37962963 0.00199146908383 0.0029420970266 1.97479427813 1.5 830.466666667 1.32 234.533333333 "BUSCO"
M896_090730 FUN_003357-T1 0.00336333169883 0.00440769520267 0.945917219636 1.11265432099 573.62037037 1.95987654321 143.37962963 0.00206716820105 0.00298895386615 1.71202200363 1.84 551.366666667 0.0 132.633333333 "BUSCO"
M896_090810 FUN_004119-T1 0.00210919139481 0.00314066669752 1.46047263836 0.608024691358 805.351851852 2.53395061728 223.648148148 0.000736428671623 0.000787037037037 0.221711048181 0.0 769.333333333 0.68 190.666666667 "BUSCO"
M896_090830 FUN_004118-T1 0.00213138406521 0.00280182780183 0.89115708739 0.594135802469 646.12962963 1.56327160494 145.87037037 0.00100279648902 0.000945626477541 -0.183929414409 0.6 553.0 0.0 152.0 "BUSCO"
M896_090840 FUN_004116-T1 0.00185858098502 0.00329693855705 1.89561792303 0.277777777778 412.0 1.38580246914 107.0 0.00142822530254 0.0013468013468 -0.183929414409 0.6 376.0 0.0 119.0 "BUSCO"
M896_090850 FUN_004113-T1 0.0017753439225 0.00115298471127 -0.957848029493 0.108024691358 645.314814815 1.25771604938 170.685185185 0.000473207178553 0.000713966979027 1.3026779048 0.48 586.133333333 0.0 160.866666667 "BUSCO"
M896_090870 FUN_004109-T1 0.00468254141371 0.00572635742539 0.765278195934 3.19135802469 986.87962963 3.68981481481 249.12037037 0.00123380719853 0.0014349427962 0.625888321833 1.48 917.733333333 0.0 228.266666667 "BUSCO"
M896_090880 FUN_004107-T1 0.00133232531937 0.00196147212722 1.05748440485 0.0 436.666666667 1.03549382716 106.333333333 0.00218201087888 0.00210333790581 -0.129722109698 0.92 385.466666667 0.0 100.533333333 "BUSCO"
M896_091060 FUN_004070-T1 0.000558219636125 0.000745884773663 0.49500754177 0.0 338.333333333 0.313271604938 93.6666666667 0.000807045119587 0.00121765601218 1.3026779048 0.48 344.466666667 0.0 93.5333333333 "BUSCO"
M896_091080 FUN_004075-T1 0.00324127530653 0.00331221198157 0.0737247035072 0.277777777778 1174.98148148 4.51388888889 313.018518519 0.00213371687553 0.00169908338922 -0.891945507252 0.64 1163.86666667 1.64 327.133333333 "BUSCO"
M896_091090 FUN_002586-T1 0.00319934836227 0.00282186948854 -0.405049529437 1.03549382716 1420.31481481 3.9274691358 388.685185185 0.00106151880594 0.00108108108108 0.0738955327913 0.84 1303.3 0.78 361.7 "BUSCO"
M896_091100 FUN_004032-T1 0.00332163750422 0.00391796755433 0.635902072243 3.82098765432 2026.11111111 5.85802469136 514.888888889 0.0030212458323 0.00326504770949 0.380469308815 4.38 1947.2 2.84 509.8 "BUSCO"
M896_091110 FUN_004050-T1 0.00209468736422 0.00169587922031 -0.555238695171 0.054012345679 729.333333333 1.46450617284 191.666666667 0.000351727126745 0.000199004975124 -1.11173317656 0.0 784.666666667 0.18 220.333333333 "BUSCO"
M896_091160 FUN_004162-T1 0.00337273961967 0.0041107041107 0.597847802227 0.293209876543 330.712962963 1.4212962963 98.287037037 0.00258018804656 0.00313598269803 0.775011873709 1.16 316.333333333 0.0 94.6666666667 "BUSCO"
M896_091190 FUN_004067-T1 0.00371763950883 0.00475320423933 1.00246254688 2.91512345679 2356.66666667 10.5740740741 562.333333333 0.00251890091957 0.00310548077769 1.08717781425 5.24 2019.0 1.82 507.0 "BUSCO"
M896_091270 FUN_001783-T1 0.00775571021032 0.00925562906695 0.712281821399 11.1180555556 1850.40740741 10.8325617284 483.592592593 0.00179766222199 0.00226023526994 1.15222519966 2.8 1729.66666667 1.6 433.333333333 "BUSCO"
M896_091310 FUN_002149-T1 0.0019786739102 0.00136100936101 -0.910360420814 0.108024691358 780.055555556 1.18209876543 194.944444444 0.00261841305466 0.00357436801881 1.54637438617 0.32 742.333333333 2.72 202.666666667 "BUSCO"
M896_091340 FUN_003998-T1 0.00241150882806 0.00240211640212 -0.00872210234984 0.206790123457 245.907407407 0.493827160494 54.0925925926 0.0012023325251 0.00120937263794 0.0149919947447 0.0 239.0 0.32 55.0 "BUSCO"
M896_091430 FUN_003976-T1 0.00292658838357 0.00348410129964 0.619144258173 1.18055555556 999.111111111 3.00617283951 236.888888889 0.00232556422618 0.0031432748538 1.58815873783 2.94 1447.43333333 2.22 376.566666667 "BUSCO"
M896_091440 FUN_004314-T1 0.000734097055726 0.000629363871373 -0.349459022605 0.206790123457 1054.25925926 0.597222222222 259.740740741 0.00217195552921 0.00290151903055 1.44920459389 1.32 1035.33333333 2.08 266.666666667 "BUSCO"
M896_091510 FUN_000694-T1 0.00346022238022 0.0039787658993 0.477013679178 2.40586419753 741.87962963 1.0987654321 164.12037037 0.00213586563371 0.00331207340271 2.27821637328 1.0 798.666666667 1.96 194.333333333 "BUSCO"
M896_091550 FUN_003948-T1 0.000678342848962 0.000229946643449 -1.28439965902 0.104938271605 557.037037037 0.054012345679 153.962962963 0.0010070819441 0.000949667616334 -0.183929414409 0.0 551.0 0.6 151.0 "BUSCO"
M896_091590 FUN_003937-T1 0.00552736142647 0.00735231442501 1.16947138878 6.25462962963 1232.7962963 4.66049382716 294.203703704 0.00221720460274 0.00290720828355 1.31813838857 0.0 892.666666667 2.92 223.333333333 "BUSCO"
M896_091630 FUN_001728-T1 0.00274815820862 0.00426445982002 1.35147898647 0.0 283.0 1.45524691358 68.0 0.0 0.0 None 0.0 278.666666667 0.0 72.3333333333 "BUSCO"
M896_091750 FUN_004561-T1 0.00369966486871 0.00245068738793 -1.04587632634 1.11265432099 578.157407407 0.595679012346 138.842592593 0.0015171062763 0.00133524082022 -0.431300104167 0.84 558.3 0.0 140.7 "BUSCO"
M896_091780 FUN_004551-T1 0.0034499410988 0.00374003678725 0.256153762338 0.399691358025 553.481481481 2.14197530864 145.518518519 0.00111685864891 0.00129892926101 0.525941395125 0.74 501.933333333 0.0 131.066666667 "BUSCO"
M896_091800 FUN_004543-T1 0.00623138203517 0.00543878990481 -0.478178208841 23.8425925926 5403.49074074 12.0293209877 1292.50925926 0.000807695962425 0.00105734767025 1.43724687327 5.4 6024.2 1.68 1415.8 "BUSCO"
M896_091840 FUN_004539-T1 0.00116498011017 0.0006799069601 -0.932440182321 0.0 495.333333333 0.41049382716 125.666666667 0.00184107167906 0.00223765432099 0.775011873709 1.16 451.2 0.0 124.8 "BUSCO"
M896_091900 FUN_002565-T1 0.00245072035372 0.00335527164795 0.962558433646 0.375 381.416666667 1.2299382716 110.583333333 0.000745750553542 0.000750117205813 0.0149919947447 0.32 368.133333333 0.0 105.866666667 "BUSCO"
M896_100090 FUN_002342-T1 0.00322212853257 0.00460786283571 1.44033369768 3.07561728395 1126.0462963 3.29475308642 295.953703704 0.000618522768817 0.000972100709634 1.84427289854 0.5 923.833333333 0.5 219.166666667 "BUSCO"
M896_100170 FUN_004665-T1 0.00476852028148 0.00698143664245 1.49359104246 1.94135802469 554.194444444 2.86419753086 153.805555556 0.000569220229274 0.000751476113795 0.819795688532 0.42 498.133333333 0.0 122.866666667 "BUSCO"
M896_100370 FUN_004145-T1 0.00416622460133 0.00562814556717 1.15948001563 0.871913580247 782.592592593 4.51234567901 201.407407407 0.000697210576684 0.00100810870042 1.43863243595 0.5 796.833333333 0.42 217.166666667 "BUSCO"
M896_100380 FUN_003054-T1 0.00533913393667 0.00597239305726 0.394691156376 2.18518518519 653.12037037 2.53549382716 159.87962963 0.00144279903012 0.00172335600907 0.699617375091 0.66 584.366666667 0.48 150.633333333 "BUSCO"
M896_100460 FUN_000304-T1 0.00672103909716 0.00654739785175 -0.0890379720243 4.00462962963 721.592592593 1.70524691358 175.407407407 0.000899454866104 0.000848176420696 -0.183929414409 0.42 625.9 0.18 160.1 "BUSCO"
M896_100480 FUN_000984-T1 0.00182690062732 0.000619288119288 -1.28439965902 0.054012345679 215.666666667 0.104938271605 48.3333333333 0.00132391671303 0.000749063670412 -1.11173317656 0.18 215.366666667 0.0 51.6333333333 "BUSCO"
M896_100510 FUN_003430-T1 0.00772919496174 0.00800264550265 0.126431669691 4.97067901235 1009.71296296 4.73919753086 238.287037037 0.00142822530254 0.00222222222222 2.13440732433 0.48 776.6 1.5 213.4 "BUSCO"
M896_100590 FUN_001726-T1 0.00457467799361 0.00490816019271 0.246880584182 1.7700617284 899.731481481 3.51234567901 207.268518519 0.000673306214055 0.000973544973545 1.43863243595 0.92 829.133333333 0.0 220.866666667 "BUSCO"
M896_110030 FUN_003985-T1 0.00247334238776 0.003256003256 1.01845000507 1.67901234568 1092.52777778 2.64197530864 272.472222222 0.00226050047884 0.00298427924327 1.38139781707 2.52 991.633333333 0.84 259.366666667 "BUSCO"
M896_110050 FUN_003516-T1 0.00485701677354 0.00584887865855 0.687922834439 1.63888888889 791.166666667 4.00771604938 201.833333333 0.00119825682162 0.00105461393597 -0.431300104167 0.66 724.0 0.18 161.0 "BUSCO"
M896_110070 FUN_003517-T1 0.00165929506518 0.00185549245182 0.353118262275 0.901234567901 1038.25 1.45833333333 269.75 0.00109100543944 0.00154320987654 1.59134048343 1.3 1034.86666667 0.5 261.133333333 "BUSCO"
M896_110140 FUN_003491-T1 0.0028514462494 0.00222097097097 -0.748820425889 0.851851851852 1420.42592593 2.98302469136 355.574074074 0.000884267072868 0.00122298658884 1.47065896323 1.76 1278.33333333 0.0 320.666666667 "BUSCO"
M896_110150 FUN_000654-T1 0.00922093459855 0.0103724963738 0.455590441974 10.808899177 1265.05555556 5.79603909465 279.944444444 0.000324596659669 0.000428527701255 0.819795688532 0.42 874.766666667 0.0 214.233333333 "BUSCO"
M896_110180 FUN_003479-T1 0.00466743644141 0.00679069238209 1.57871994052 4.81635802469 1124.56481481 4.39351851852 270.435185185 0.00120973909096 0.00142976652217 0.72930909318 1.56 1182.3 0.32 278.7 "BUSCO"
M896_110230 FUN_003429-T1 0.00611257348078 0.00560422588223 -0.304040792299 4.20216049383 1954.77777778 9.80401234568 493.222222222 0.00134661242811 0.00175661375661 1.31359104025 0.68 1665.53333333 2.64 434.466666667 "BUSCO"
M896_110240 FUN_002618-T1 0.00496916970631 0.00498941798942 0.0149529857182 8.10956790123 2684.0462963 7.89814814815 615.953703704 0.00131585224574 0.00143636021809 0.410084910535 1.62 2345.6 2.2 609.4 "BUSCO"
M896_110290 FUN_003456-T1 0.00101751427344 0.00045542830353 -1.44062151628 0.0 932.0 0.524691358025 253.0 0.000301351886086 0.000397840295539 0.819795688532 0.0 914.333333333 0.42 258.666666667 "BUSCO"
M896_110420 FUN_004828-T1 0.00716796679254 0.00975971421831 1.16371605472 3.3487654321 385.685185185 1.12037037037 85.3148148148 0.00175863563373 0.00276395798784 1.84427289854 1.0 317.166666667 0.0 84.8333333333 "BUSCO"
M896_120040 FUN_002557-T1 0.0026794542534 0.00343672079304 0.986786655364 1.75154320988 2091.85185185 6.96913580247 518.148148148 0.00473542786481 0.00641800192628 1.71491862672 5.9 2041.9 8.76 496.1 "BUSCO"
M896_120070 FUN_004179-T1 0.00156388380549 0.00308401787001 2.53492474374 0.0 635.5 2.31172839506 135.5 0.000555795223866 0.000733752620545 0.819795688532 0.42 502.666666667 0.0 133.333333333 "BUSCO"
M896_120090 FUN_004130-T1 0.0026794542534 0.00377645502646 1.19397575073 1.31018518519 573.018518519 1.33333333333 146.981481481 0.00157806143919 0.00208333333333 1.15198436679 0.84 532.566666667 0.42 139.433333333 "BUSCO"
M896_120100 FUN_002548-T1 0.0023076639503 0.00309814941394 1.19933519569 1.21296296296 2530.44444444 8.2299382716 604.555555556 0.00160936607262 0.00231978319783 2.02171701002 1.32 2447.0 5.1 628.0 "BUSCO"
M896_120230 FUN_001483-T1 0.00229667507434 0.00234013605442 0.0493500526753 0.054012345679 414.009259259 1.14043209877 110.990740741 0.000745750553542 0.00098452883263 0.819795688532 0.42 373.0 0.0 101.0 "BUSCO"
M896_120310 FUN_000692-T1 0.00304082801784 0.00354097048176 0.562296678756 2.60802469136 1458.7037037 3.6712962963 365.296296296 0.00148679605627 0.00162402149784 0.398199553214 2.1 1508.93333333 0.68 393.066666667 "BUSCO"
M896_120360 FUN_000672-T1 0.000953165544688 0.000608570173788 -0.809605331261 0.449074074074 608.740740741 0.0 150.259259259 0.00099433407139 0.00156274417878 1.84427289854 1.0 556.666666667 0.0 154.333333333 "BUSCO"
M896_120430 FUN_003791-T1 0.00193362678081 0.00152366406662 -0.600655349593 0.0 694.666666667 1.29320987654 178.333333333 0.00127153151935 0.00197175592859 1.98132385158 1.48 662.166666667 0.0 171.833333333 "BUSCO"
M896_120460 FUN_000945-T1 0.000758336109453 0.00111809923131 0.698535095541 0.0 253.0 0.345679012346 65.0 0.00119018775212 0.000673400673401 -1.11173317656 0.0 231.0 0.18 66.0 "BUSCO"
M896_120530 FUN_000618-T1 0.00222600814898 0.00281644281644 0.792128577054 0.293209876543 778.444444444 2.37654320988 196.555555556 0.00121056767938 0.00139523084729 0.548828377857 1.1 689.533333333 0.0 186.466666667 "BUSCO"
M896_120560 FUN_003618-T1 0.00273258790715 0.00354332478978 0.932578795282 0.873456790123 844.546296296 2.77469135802 214.453703704 0.00183533625327 0.00244605976693 1.33430622585 2.12 762.866666667 0.0 200.133333333 "BUSCO"
M896_120620 FUN_000075-T1 0.00165739438355 0.000957290132548 -1.03467101678 0.0 463.990740741 0.541666666667 118.009259259 0.000643872062621 0.000364298724954 -1.11173317656 0.18 434.233333333 0.0 114.766666667 "BUSCO"
M896_120670 FUN_000642-T1 0.00393861872438 0.00365656779911 -0.243717176078 0.90200617284 1054.75 3.88657407407 292.25 0.00125349561127 0.0016548463357 1.3561777215 2.02 1561.73333333 0.92 412.266666667 "BUSCO"
M896_120690 FUN_000645-T1 0.00287084384293 0.00382548080961 0.993068621629 0.054012345679 592.962962963 2.75771604938 163.037037037 0.00095023054403 0.00149342891278 1.84427289854 1.0 598.0 0.0 146.0 "BUSCO"
M896_120770 FUN_003187-T1 0.00583698540679 0.00693209510637 0.664545618574 4.85108024691 1166.69444444 4.89429012346 279.305555556 0.00131407346609 0.00167974666116 1.15122001987 0.74 1299.66666667 1.7 314.333333333 "BUSCO"
M896_120790 FUN_001027-T1 0.00493151089583 0.0054111078651 0.327608046437 2.51080246914 804.833333333 2.63425925926 173.166666667 0.00275622426806 0.00318388564003 0.669426660485 1.92 835.933333333 1.02 190.066666667 "BUSCO"
M896_120830 FUN_000557-T1 0.0081059120271 0.0106309190343 0.979130207464 1.34104938272 284.324074074 2.3487654321 72.6759259259 0.00220240350392 0.00235375562478 0.221711048181 0.68 250.333333333 0.0 70.6666666667 "BUSCO"
M896_120850 FUN_000582-T1 0.00127931502815 0.00233674371605 2.25845568426 0.807098765432 906.333333333 1.76234567901 224.666666667 0.00076761294762 0.000723850886717 -0.183929414409 0.6 734.433333333 0.0 186.566666667 "BUSCO"
M896_120960 FUN_001881-T1 0.00303855636984 0.00348915434826 0.459420163129 0.706790123457 689.611111111 2.25462962963 183.388888889 0.00168929874494 0.00177883977167 0.203503001134 0.68 656.233333333 0.66 180.766666667 "BUSCO"
M896_120970 FUN_000559-T1 0.00386122228656 0.00452392504794 0.531718886145 1.82021604938 553.166666667 1.20138888889 133.833333333 0.00158513794789 0.00215910978243 1.30277336403 0.0 535.0 1.3 134.0 "BUSCO"
M896_121010 FUN_001331-T1 0.00426456298015 0.00410492898914 -0.134172261934 5.94907407407 1911.87037037 3.88580246914 464.12962963 0.00190605067949 0.00262527233115 1.68963713316 2.92 1604.13333333 1.9 435.866666667 "BUSCO"
M896_121030 FUN_002525-T1 0.00217253047573 0.00323895323895 1.20234461127 0.0 355.333333333 1.39814814815 88.6666666667 0.00325044379199 0.00408684546616 0.987932882432 1.6 329.8 0.0 105.2 "BUSCO"
M896_121140 FUN_004507-T1 0.00940595939623 0.0102921059459 0.350558661894 17.4197530864 2200.63888889 10.1172839506 493.361111111 0.0013499183506 0.00162453779475 0.861666393355 2.0 1464.96666667 0.68 368.033333333 "BUSCO"
M896_121160 FUN_002499-T1 0.00260141189651 0.00157189089228 -1.33316596103 0.108024691358 1466.64814815 2.72530864198 387.351851852 0.00231449011081 0.0017328042328 -1.12537775661 2.44 1329.5 0.18 350.5 "BUSCO"
M896_121190 FUN_002506-T1 0.00426438342716 0.00243077484457 -1.44846669319 1.68981481481 927.62037037 0.983024691358 203.37962963 0.00232994381982 0.00299225779452 1.20402038976 2.54 850.733333333 0.32 211.266666667 "BUSCO"
M896_121250 FUN_002484-T1 0.00236558857917 0.0016037882743 -1.16672176629 3.66512345679 4161.25 4.44135802469 1037.75 0.0010455779092 0.00130451270383 1.12690576352 1.32 3492.4 3.84 902.6 "BUSCO"
M896_121260 FUN_000556-T1 0.00262691593471 0.00501089324619 2.36670214724 0.424382716049 364.0 1.81172839506 95.0 0.00355262072743 0.00461567094733 1.23791204705 0.48 477.0 2.0 120.0 "BUSCO"
M896_121280 FUN_004360-T1 0.0020436515492 0.00155143036499 -0.539368658929 0.054012345679 289.685185185 0.479938271605 64.3148148148 0.00105204095946 0.00138888888889 0.819795688532 0.42 265.666666667 0.0 70.3333333333 "BUSCO"
M896_121300 FUN_004280-T1 0.00297361868218 0.00286585596848 -0.127212448349 1.7962962963 1982.82407407 5.20833333333 531.175925926 0.00153932833973 0.00199700888537 1.33136251082 2.14 1968.53333333 2.4 557.466666667 "BUSCO"
M896_121320 FUN_004695-T1 0.00285949663406 0.00311186398143 0.263568894584 1.05864197531 604.537037037 1.23765432099 154.462962963 0.00090637374969 0.000968660968661 0.221711048181 0.18 605.666666667 0.5 174.333333333 "BUSCO"
M896_121340 FUN_000549-T1 0.00296618552037 0.00384037173705 0.897794187732 1.25617283951 648.703703704 1.77932098765 164.296296296 0.00216596668124 0.0020697167756 -0.17818660582 0.92 641.533333333 0.6 174.466666667 "BUSCO"
M896_121350 FUN_000547-T1 0.00206341901211 0.00212585034014 0.103437685118 2.93055555556 2119.38888889 2.625 568.611111111 0.0012475968084 0.00138562091503 0.484431773737 1.34 1998.76666667 1.84 551.233333333 "BUSCO"
M896_121360 FUN_000925-T1 0.000873735082631 0.000201288244767 -1.1332128884 0.0 224.0 0.054012345679 52.0 0.00126697405871 0.00199123855038 1.46363864356 0.5 220.833333333 0.0 58.1666666667 "BUSCO"
M896_121410 FUN_000545-T1 0.0035726056712 0.00299588477366 -0.491758358511 0.70524691358 542.555555556 1.26080246914 132.444444444 0.00306048279116 0.00458553791887 2.06148630532 1.38 550.1 1.48 142.9 "BUSCO"
M896_121430 FUN_002455-T1 0.00334931781675 0.00185185185185 -1.26664304468 0.305555555556 403.333333333 0.601851851852 100.666666667 0.00258963928483 0.0031746031746 0.934489951905 1.02 640.833333333 1.32 178.166666667 "BUSCO"
M896_121460 FUN_004726-T1 0.00393394588591 0.00405672510077 0.109273719644 2.03858024691 1456.13888889 5.21450617284 382.861111111 0.000395397944496 0.000410141685309 0.120300932534 0.66 1427.63333333 0.0 360.366666667 "BUSCO"
M896_121500 FUN_000169-T1 0.0022328785445 0.00313418577307 0.988719695437 0.0 341.0 1.31635802469 91.0 0.00090637374969 0.00119658119658 0.819795688532 0.42 302.433333333 0.0 87.5666666667 "BUSCO"
M896_121620 FUN_000133-T1 0.00273707692552 0.00329787032296 0.686186078363 0.990740740741 1340.21296296 4.37654320988 333.787037037 0.00122738111937 0.00166666666667 1.43513908129 1.66 1152.33333333 0.5 287.666666667 "BUSCO"
M896_121650 FUN_001731-T1 0.00278787147753 0.00294828271707 0.191473556338 1.32098765432 1222.88888889 3.14197530864 334.111111111 0.00119259703907 0.00179937022042 2.04013621396 2.4 1183.93333333 0.0 298.066666667 "BUSCO"
M896_121660 FUN_004378-T1 0.00447902828392 0.0035944243968 -0.680649967135 1.38117283951 1060.73148148 3.61265432099 286.268518519 0.00145827459727 0.0021268793546 1.83847050307 1.82 971.566666667 0.5 240.433333333 "BUSCO"
M896_121790 FUN_002005-T1 0.000326762713829 0.000694713296339 1.65802213475 0.0 601.666666667 0.498456790123 136.333333333 0.00139167622984 0.00218722659668 2.0567183502 1.5 612.833333333 0.0 149.166666667 "BUSCO"
M896_121830 FUN_004591-T1 0.000679298261426 0.00072732692451 0.158333295092 0.0 862.0 0.753086419753 203.0 0.00143256641288 0.00186873803895 1.16895516273 1.24 773.733333333 0.42 213.266666667 "BUSCO"
M896_121860 FUN_002925-T1 0.000951285533752 0.000923577846655 -0.0565948464462 0.401234567901 404.425925926 0.054012345679 102.574074074 0.0 0.0 None 0.0 371.333333333 0.0 99.6666666667 "BUSCO"
M896_121870 FUN_004217-T1 0.00546149208836 0.0054282376202 -0.0225114466136 10.4429012346 3024.77777778 10.5324074074 689.222222222 0.00249859727872 0.00318287037037 1.2831761125 6.44 2152.86666667 1.26 535.133333333 "BUSCO"
