M896_010090 FUN_001212-T1 0.000788074780412 0.000181554103123 -1.49542861119 0.054012345679 486.0 0.054012345679 126.0 0.0 0.0 None 0.0 457.0 0.0 101.0
M896_010110 FUN_004897-T1 0.00142692830063 0.000983062521524 -0.696597268286 0.206790123457 413.37962963 0.277777777778 93.6203703704 0.00076512069779 0.0010101010101 0.819795688532 0.42 368.766666667 0.0 93.2333333333
M896_010130 FUN_000590-T1 0.00318701607233 0.00354287578957 0.371570591102 2.14043209877 1113.89814815 2.55092592593 248.101851852 0.00119622931431 0.00141003948111 0.686229081932 1.32 962.0 0.18 220.0
M896_010140 FUN_003236-T1 0.00523207043564 0.00687830687831 0.974780291297 1.39969135802 417.648148148 1.99074074074 89.3518518519 0.0016713274817 0.00178618334647 0.221711048181 0.5 337.333333333 0.18 85.6666666667
M896_010180 FUN_004915-T1 0.00677390120242 0.00814755365317 0.659077624999 2.35802469136 445.268518519 1.87191358025 88.7314814815 0.0 0.0 None 0.0 338.0 0.0 88.0
M896_010210 FUN_002878-T1 0.0038481523852 0.00381909264888 -0.0225522558435 0.643518518519 452.37037037 1.45061728395 111.62962963 0.00133139646847 0.00209248796819 1.84427289854 1.0 427.5 0.0 103.5
M896_010250 FUN_000274-T1 0.000771065972202 0.000300711811503 -1.49416611876 0.108024691358 987.685185185 0.257716049383 263.314814815 0.000592103454571 0.000335008375209 -1.40085080218 0.0 960.4 0.36 233.6
M896_010270 FUN_001885-T1 0.00304825554109 0.00223753046787 -0.923003593764 1.76543209877 1766.72222222 2.88117283951 369.277777778 0.00076512069779 0.0012025012025 2.19474808443 2.0 1479.66666667 0.0 368.333333333
M896_010280 FUN_002873-T1 0.00318701607233 0.00401603617463 0.776839660619 1.44598765432 549.333333333 1.21296296296 131.666666667 0.0 0.0 None 0.0 497.666666667 0.0 135.333333333
M896_010330 FUN_002822-T1 0.0027019706757 0.00246098439376 -0.260103747508 0.356481481481 564.925925926 1.35185185185 149.074074074 0.0 0.0 None 0.0 489.333333333 0.0 137.666666667
M896_010340 FUN_002803-T1 0.00285627103154 0.00453629844493 1.66636676447 0.929012345679 476.388888889 1.6774691358 114.611111111 0.00275622426806 0.0035520901018 1.10861440263 0.48 410.4 1.16 102.6
M896_010380 FUN_001138-T1 0.00388216383305 0.00362253487253 -0.220984252949 2.16666666667 850.203703704 1.5524691358 205.796296296 0.00159948308769 0.00248030836266 1.98132385158 1.0 537.6 0.48 125.4
M896_010410 FUN_001997-T1 0.00068998821976 0.000158957240502 -1.49542861119 0.108024691358 582.009259259 0.0 116.990740741 0.00238037550424 0.00224466891134 -0.183929414409 0.6 238.866666667 0.0 58.1333333333
M896_010460 FUN_001976-T1 0.00607943402032 0.00795429282824 1.0262476499 2.55864197531 587.953703704 2.96296296296 126.046296296 0.0037887005614 0.00464451589854 1.00122142373 2.42 745.466666667 1.48 187.533333333
M896_010500 FUN_002677-T1 0.00547600547932 0.00750125814393 1.34248863476 11.049382716 1854.44444444 5.97222222222 479.555555556 0.00260063096261 0.00311890838207 0.906853523529 4.06 1427.03333333 0.9 339.966666667
M896_010510 FUN_002777-T1 0.000846143448443 0.000417710944027 -1.13388933806 0.347222222222 692.138888889 0.0 162.861111111 0.000770121486665 0.00116194625999 1.3026779048 0.48 363.333333333 0.0 95.6666666667
M896_010530 FUN_002798-T1 0.00438456150557 0.00548477977049 0.849821067893 2.04475308642 944.222222222 4.11419753086 210.777777778 0.00206264485706 0.00265823810682 1.24578426344 2.62 1099.46666667 0.66 271.533333333
M896_010560 FUN_000232-T1 0.00309167798469 0.00503517646375 1.78091664802 2.29012345679 441.814814815 0.382716049383 104.185185185 0.0 0.0 None 0.0 375.0 0.0 102.0
M896_010570 FUN_002824-T1 0.00321534510408 0.00226757369615 -0.835083018262 0.266975308642 430.981481481 0.890432098765 94.0185185185 0.00168326553514 0.00253968253968 1.64145266725 0.0 344.333333333 0.96 75.6666666667
M896_010630 FUN_004076-T1 0.00282756479002 0.00338996570152 0.56349114141 0.515432098765 467.990740741 1.45216049383 129.009259259 0.00124686335936 0.000979815794631 -0.690979992648 0.18 453.333333333 0.32 113.666666667
M896_010720 FUN_002750-T1 0.00403037687141 0.00435844718575 0.279446252015 3.74614197531 1172.02777778 2.99459876543 264.972222222 0.00204327030277 0.00304003425391 2.01814029173 2.34 821.9 0.5 216.1
M896_010730 FUN_000422-T1 0.00239236986911 0.00176366843034 -0.685336389158 0.391975308642 390.648148148 0.472222222222 113.351851852 0.00314209566559 0.00414814814815 1.22929592283 1.5 356.5 0.18 93.5
M896_010740 FUN_003637-T1 0.00297717139267 0.00319000027995 0.230079048116 1.35339506173 922.388888889 2.16358024691 211.611111111 0.00113296718711 0.00137701804368 0.775011873709 1.16 740.333333333 0.0 195.666666667
M896_010770 FUN_002246-T1 0.0053589085068 0.00611740992693 0.40099014381 0.850308641975 249.907407407 1.02314814815 65.0925925926 0.0 0.0 None 0.0 268.0 0.0 71.0
M896_010810 FUN_000214-T1 0.00119086855707 0.00076817558299 -0.689681702932 0.0 315.666666667 0.302469135802 89.3333333333 0.000913399902788 0.0014355440712 1.46363864356 0.5 305.0 0.0 82.0
M896_010840 FUN_003161-T1 0.00420612004894 0.00526639596407 0.752814220506 1.19907407407 418.805555556 1.44290123457 97.1944444444 0.000709810767829 0.00111557340473 1.46363864356 0.5 396.5 0.0 101.5
M896_010860 FUN_002806-T1 0.00192305329191 0.00255183413078 0.852698778792 1.27777777778 501.314814815 0.277777777778 125.685185185 0.0 0.0 None 0.0 391.0 0.0 98.0
M896_010870 FUN_004880-T1 0.00341499071512 0.00529792163779 1.75507020693 2.54783950617 733.5 2.18055555556 184.5 0.00166542173088 0.00209396675828 0.987932882432 0.68 672.1 0.92 176.9
M896_010890 FUN_002751-T1 0.00659094052686 0.00461219142891 -1.0876989514 5.39043209877 1510.23148148 2.97685185185 355.768518519 0.00324028615514 0.00357407407407 0.46126699944 3.54 982.966666667 0.32 217.033333333
M896_010930 FUN_001209-T1 0.00471816944621 0.00575051759834 0.728114045059 3.15432098765 767.12037037 2.48919753086 153.87962963 0.00112934748364 0.00108862856467 -0.129722109698 0.92 768.066666667 0.0 170.933333333
M896_010940 FUN_001769-T1 0.000511997628039 0.00060661207158 0.272096411449 0.0 379.666666667 0.277777777778 91.3333333333 0.00439112748297 0.00690131124914 2.36490840047 1.5 388.0 1.5 95.0
M896_011060 FUN_004613-T1 0.00476461272593 0.00329296792012 -1.08423085946 2.13734567901 1249.4537037 2.88580246914 319.546296296 0.00106874002231 0.00134374737549 0.987932882432 1.1 1051.86666667 0.5 271.133333333
M896_011080 FUN_003377-T1 0.00242362696288 0.00250458642418 0.0912724735938 0.651234567901 485.925925926 0.802469135802 111.074074074 0.00132391671303 0.00208073241781 1.84427289854 0.5 427.166666667 0.5 106.833333333
M896_011120 FUN_004335-T1 0.0024670167039 0.00252912759307 0.0791362386225 1.63117283951 958.138888889 1.25308641975 214.861111111 0.000879317816863 0.00130827344758 1.75514035573 0.92 970.1 0.5 235.9
M896_011130 FUN_000021-T1 0.000641358730867 0.000503771248452 -0.48040793042 0.498456790123 924.546296296 0.054012345679 203.453703704 0.00125349561127 0.000945626477541 -0.942971440764 0.78 915.033333333 0.18 212.966666667
M896_011140 FUN_000018-T1 0.0026794542534 0.0029318888049 0.319063599838 2.68981481481 1536.39814815 2.6975308642 353.601851852 0.00158424991542 0.00204170557112 1.24578426344 1.34 1404.66666667 1.94 380.333333333
M896_011210 FUN_000395-T1 0.00469774447025 0.00501958359101 0.204597359763 0.347222222222 375.444444444 1.90740740741 86.5555555556 0.00259916001749 0.00408496732026 2.0567183502 0.0 331.0 1.5 77.0
M896_011230 FUN_000100-T1 0.0 0.0 None 0.0 1067.66666667 0.0 276.333333333 0.00246117153963 0.00326854269413 1.41530120548 1.96 927.133333333 1.42 221.866666667
M896_011260 FUN_003205-T1 0.00217253047573 0.00285106535107 0.910838158667 0.20987654321 717.87037037 2.25154320988 170.12962963 0.00267792244227 0.00384399551066 1.80141022376 1.9 636.766666667 0.84 155.233333333
M896_011280 FUN_002537-T1 0.00116217292919 0.000676993689042 -1.14069474575 0.054012345679 1012.68518519 0.765432098765 232.314814815 0.00298720362574 0.00390193009911 1.34084430413 2.74 851.566666667 1.0 213.433333333
M896_011350 FUN_002303-T1 0.00184084643363 0.00104204531685 -1.18565705302 0.054012345679 621.648148148 0.742283950617 164.351851852 0.00088592922902 0.00139236981342 1.84427289854 0.5 630.333333333 0.5 167.666666667
M896_011360 FUN_001460-T1 0.0045788142305 0.00656017681334 1.29229455757 1.77160493827 385.185185185 1.25154320988 88.8148148148 0.0 0.0 None 0.0 338.666666667 0.0 90.3333333333
M896_011370 FUN_004375-T1 0.00226965536759 0.00238115987136 0.174356912116 1.89274691358 3076.06481481 6.96219135802 748.935185185 0.00187454570959 0.00239898989899 1.28134190023 4.54 2144.3 1.16 495.7
M896_011420 FUN_001254-T1 0.00494161645095 0.00392922196201 -0.624096696248 1.25771604938 389.351851852 0.929012345679 99.6481481481 0.00226593437422 0.00275403608737 0.775011873709 1.16 372.533333333 0.0 95.4666666667
M896_011520 FUN_002237-T1 0.00204019359396 0.0030644858056 1.30930296928 1.38580246914 464.787037037 0.375 126.212962963 0.0019107338507 0.00212212212212 0.398039380622 0.42 447.133333333 0.64 107.866666667
M896_011680 FUN_002328-T1 0.00377979440135 0.00507040851868 1.10975419347 3.55401234568 786.481481481 1.16358024691 170.518518519 0.00250699122255 0.0037037037037 1.97479427813 1.0 685.833333333 1.82 160.166666667
M896_011690 FUN_002327-T1 0.00583429555176 0.00489844683393 -0.479035617976 0.461419753086 307.314814815 1.31018518519 64.6851851852 0.000927784153226 0.00145815106445 1.46363864356 0.5 307.333333333 0.0 73.6666666667
M896_011720 FUN_002348-T1 0.00297717139267 0.00379384675681 0.835635271522 0.770061728395 652.925925926 2.21759259259 157.074074074 0.00163650815916 0.00181069958848 0.426810526847 0.42 855.0 1.34 225.0
M896_011820 FUN_003467-T1 0.00389738800495 0.00324194324194 -0.577350393269 2.65277777778 1213.77777778 2.02777777778 271.222222222 0.00269322485622 0.00353439153439 1.34749442866 1.42 835.9 1.92 214.1
M896_011850 FUN_002179-T1 0.00184554247046 0.00255237015441 1.14377365506 1.31944444444 942.351851852 1.5987654321 233.648148148 0.00131285334217 0.00136180748994 0.143162241034 0.66 855.6 0.66 221.4
M896_011880 FUN_002197-T1 0.00290543232297 0.00458341301715 1.72475247959 1.50154320988 607.407407407 1.82716049383 139.592592593 0.000558429324453 0.000877654906091 1.46363864356 0.5 508.0 0.0 125.0
M896_011930 FUN_002173-T1 0.00287875250365 0.00287434226828 -0.00487648702479 1.50154320988 874.518518519 1.54166666667 214.481481481 0.00404754689747 0.00452360757704 0.515017935537 2.36 626.066666667 0.84 159.933333333
M896_011940 FUN_002999-T1 0.00176279885092 0.00103963612736 -1.06984518115 0.108024691358 543.305555556 0.583333333333 140.694444444 0.000592103454571 0.000335008375209 -1.11173317656 0.18 475.0 0.0 122.0
M896_012040 FUN_001093-T1 0.00725761890798 0.0100710051462 1.31928233882 2.94444444444 587.046296296 4.65277777778 144.953703704 0.00366577827652 0.00375308641975 0.100879734669 0.82 539.666666667 1.46 135.333333333
M896_012070 FUN_001697-T1 0.0030641789429 0.00195639458664 -1.26578621138 1.48456790123 1876.87037037 3.00617283951 484.12962963 0.00220716374204 0.00280712989647 1.23693188352 4.52 1651.46666667 0.74 430.533333333
M896_012100 FUN_002001-T1 0.00254254783169 0.00245240026262 -0.112858564401 0.557098765432 987.601851852 2.38271604938 245.398148148 0.00226593437422 0.0026048026048 0.63343039575 2.56 863.266666667 0.0 228.733333333
M896_012110 FUN_000389-T1 0.00380192833253 0.00173745173745 -1.53836602427 0.054012345679 355.0 0.695987654321 89.0 0.00128074551587 0.00148953301127 0.525941395125 0.74 439.9 0.0 112.1
M896_012150 FUN_001743-T1 0.00487650187018 0.00546081446277 0.420613511282 5.5787037037 1256.49074074 2.56018518519 276.509259259 0.000998547351353 0.0010462439841 0.171855884771 0.68 842.666666667 0.32 219.333333333
M896_012170 FUN_001627-T1 0.00455783455476 0.00423007691049 -0.222783172 0.845679012346 477.833333333 1.54783950617 104.166666667 0.00210408191892 0.00313051146384 1.75514035573 1.42 407.666666667 0.0 96.3333333333
M896_012230 FUN_001600-T1 0.00642471373028 0.00479927617474 -0.908104826337 5.50848765432 1300.33333333 2.02237654321 313.666666667 0.00187029503904 0.00229276895944 0.934489951905 1.16 909.033333333 1.18 224.966666667
M896_012240 FUN_001618-T1 0.00442109951811 0.00560582010582 0.830182845264 1.39043209877 481.648148148 1.87962962963 118.351851852 0.00254764513426 0.004004004004 2.19474808443 1.0 452.833333333 1.0 102.166666667
M896_012250 FUN_000946-T1 0.00464783020976 0.00493134244061 0.210981507073 3.7700617284 1098.52777778 3.19135802469 251.472222222 0.00445196174281 0.00653045993096 2.15042108764 4.0 951.1 3.0 239.9
M896_012280 FUN_003387-T1 0.00523746015537 0.00492228367582 -0.216833072429 4.56790123457 1731.77777778 5.56790123457 386.222222222 0.0018507107978 0.00227522461379 1.00439652433 2.42 1380.1 1.1 338.9
M896_012410 FUN_001569-T1 0.00118211217062 0.0020230314348 1.04743947344 0.0 161.333333333 0.401234567901 42.6666666667 0.00214233795381 0.003367003367 1.46363864356 0.5 128.666666667 0.0 36.3333333333
M896_012470 FUN_000715-T1 0.000841713378032 0.000709160918585 -0.305992699001 0.197530864198 467.0 0.197530864198 106.0 0.000829778784927 0.00109546165884 0.819795688532 0.0 339.666666667 0.42 86.3333333333
M896_020050 FUN_001942-T1 0.00285949663406 0.00263504611331 -0.255111236986 1.05401234568 1006.82407407 2.64814814815 259.175925926 0.000904055658258 0.000814625367055 -0.35590560555 0.86 927.4 0.0 245.6
M896_020070 FUN_001938-T1 0.00160366339356 0.001896053517 0.531721721832 0.108024691358 961.694444444 2.10956790123 241.305555556 0.000973789979006 0.00085705540251 -0.431300104167 0.84 858.0 0.0 231.0
M896_020090 FUN_003390-T1 0.00233673336052 0.00170573397318 -0.822604202854 0.777777777778 846.722222222 0.933641975309 185.277777778 0.00253697915583 0.00342016657806 1.52436127493 3.44 1015.43333333 0.42 238.566666667
M896_020250 FUN_001786-T1 0.00566825441784 0.00514048688954 -0.341677887971 9.11959876543 2357.02777778 6.16898148148 537.972222222 0.00103813733445 0.00130527002774 1.06452799268 1.42 1625.2 0.98 417.8
M896_020280 FUN_001805-T1 0.00207512082125 0.00258583505866 0.824253104053 1.43055555556 1776.15740741 4.12037037037 431.842592593 0.00108431215454 0.00143149284254 1.32460407424 1.84 1556.3 0.68 399.7
M896_020290 FUN_003264-T1 0.00580088034242 0.0083183330606 1.22947883649 0.774691358025 236.666666667 1.5787037037 54.3333333333 0.00122738111937 0.00192901234568 1.46363864356 0.5 234.333333333 0.0 53.6666666667
M896_020330 FUN_004675-T1 0.00254177478584 0.00370788631658 1.33794401789 0.444444444444 610.0 2.29166666667 149.0 0.00220652785505 0.00274656679151 0.98139123179 1.08 633.4 0.9 167.6
M896_020340 FUN_002462-T1 0.00152145667386 0.000861248810776 -1.363957539 1.06635802469 1544.32407407 0.526234567901 357.675925926 0.00254489389762 0.0033117350612 1.33559900901 3.72 1090.2 0.42 298.8
M896_020350 FUN_001832-T1 0.00345081229605 0.003259446315 -0.196020661653 4.50385802469 1928.07407407 3.02546296296 447.925925926 0.00198699135682 0.00249828243083 1.1405454176 2.56 1421.06666667 1.44 357.933333333
M896_020360 FUN_004583-T1 0.00168342675606 0.00131490253654 -0.688099999183 1.78703703704 1397.38888889 0.41049382716 321.611111111 0.001617255122 0.00175744371823 0.367155065209 1.22 1225.63333333 1.2 304.366666667
M896_020390 FUN_002524-T1 0.00238763250303 0.0034312955105 0.978870100173 0.0 247.981481481 1.01080246914 55.0185185185 0.00512298206346 0.00507246376812 -0.0378600392659 0.78 217.766666667 0.48 58.2333333333
M896_020460 FUN_004487-T1 0.00460146560831 0.00383644623927 -0.576975549962 2.32716049383 1147.22222222 3.41203703704 268.777777778 0.00102016093039 0.00121853455187 0.746569842032 0.6 1111.93333333 0.92 274.066666667
M896_020510 FUN_002466-T1 0.00305807278921 0.00170663676098 -1.42232226664 0.725308641975 886.814814815 1.10648148148 217.185185185 0.0 0.0 None 0.0 401.666666667 0.0 96.3333333333
M896_020520 FUN_001866-T1 0.00313692205276 0.00419408955994 0.982822292243 0.594135802469 488.824074074 1.91358024691 126.175925926 0.00165955756985 0.00146061554512 -0.431300104167 0.0 497.666666667 0.84 141.333333333
M896_020530 FUN_001867-T1 0.00177911449421 0.00186090085486 0.142418069903 0.856481481481 1193.03703704 1.84104938272 297.962962963 0.000894334629675 0.00104012931337 0.625888321833 0.32 1264.86666667 1.16 316.133333333
M896_020540 FUN_000271-T1 0.00261410171064 0.00402632597755 1.57549165869 1.06635802469 613.314814815 1.8225308642 124.685185185 0.000505702092102 0.000794786202512 1.46363864356 0.5 572.333333333 0.0 126.666666667
M896_020550 FUN_003996-T1 0.00294805480203 0.00318753961786 0.264022531754 1.37808641975 1010.7037037 2.42438271605 216.296296296 0.00167727526633 0.00242520100171 1.71202200363 0.5 678.033333333 1.34 164.966666667
M896_020590 FUN_002673-T1 0.0060845470851 0.00702804811299 0.566105397112 12.6242283951 1951.0 4.11805555556 428.0 0.000752097366764 0.000882584712372 0.624222876474 1.12 1117.46666667 0.0 292.533333333
M896_020640 FUN_001888-T1 0.00142092271014 0.00150179039068 0.16123457358 0.367283950617 972.611111111 1.36728395062 215.388888889 0.0013985589016 0.00125288493241 -0.399904599865 0.5 821.2 0.64 189.8
M896_020670 FUN_001596-T1 0.00400963463098 0.00551471050283 1.27124249753 1.32407407407 1029.35185185 5.4475308642 233.648148148 0.00204665040253 0.00290414483963 1.77461038378 0.92 963.066666667 2.24 245.933333333
M896_020680 FUN_000947-T1 0.000618335596939 0.00014245014245 -1.1332128884 0.0 309.0 0.054012345679 81.0 0.000927784153226 0.000524934383202 -1.11173317656 0.0 304.066666667 0.18 76.9333333333
M896_020700 FUN_001901-T1 0.0050591094295 0.00692640692641 1.10227516759 1.04320987654 341.833333333 1.84567901235 87.1666666667 0.00179434397147 0.00233126527543 1.07658986818 1.24 477.166666667 0.0 113.833333333
M896_020740 FUN_001903-T1 0.0035627092566 0.00436910990928 0.742088448453 2.65277777778 879.166666667 1.9475308642 203.833333333 0.0 0.0 None 0.0 937.666666667 0.0 226.333333333
M896_020750 FUN_001904-T1 0.00593237104074 0.00394580136278 -1.12806369709 0.946759259259 637.740740741 2.17206790123 175.259259259 0.00140272127928 0.00141093474427 0.0210668875362 0.96 611.2 0.0 144.8
M896_020760 FUN_001905-T1 0.00384085592638 0.00551492496885 1.40279976143 3.09567901235 717.87962963 1.61728395062 161.12037037 0.000548039941673 0.000861326442722 1.46363864356 0.5 509.666666667 0.0 135.333333333
M896_020790 FUN_001123-T1 0.00314349381684 0.00387514409861 0.749102538009 1.71296296296 878.62962963 2.33333333333 195.37037037 0.00364418311731 0.00445462644775 0.973810362533 2.0 699.8 1.5 173.2
M896_020890 FUN_001954-T1 0.00409501499105 0.00490466207447 0.686153715065 4.41049382716 1280.43518519 3.1712962963 309.564814815 0.00121472770577 0.00132875143184 0.376394099124 0.5 1163.43333333 1.24 291.566666667
M896_021000 FUN_002011-T1 0.00105536491381 0.000500156298843 -1.43744597376 0.293981481481 1119.02777778 0.372685185185 251.972222222 0.00140272127928 0.00220458553792 1.84427289854 1.0 387.666666667 0.0 116.333333333
M896_021020 FUN_002015-T1 0.00368732236707 0.00349983010533 -0.132605000676 0.054012345679 261.796296296 1.05864197531 65.2037037037 0.0 0.0 None 0.0 351.666666667 0.0 95.3333333333
M896_021040 FUN_002020-T1 0.00331538840327 0.00301265706476 -0.305808097815 2.82561728395 1133.94444444 1.42438271605 249.055555556 0.00207627466889 0.00238211780062 0.635523272076 2.24 1078.5 0.68 283.5
M896_021100 FUN_000272-T1 0.00451593413495 0.00435467570299 -0.108779229604 0.95987654321 432.185185185 1.30092592593 101.814814815 0.000727336959628 0.00114311842707 1.46363864356 0.5 373.5 0.0 112.5
M896_021110 FUN_002059-T1 0.00622489902576 0.0076597965919 0.848148806343 12.8140432099 2256.18518519 8.80941358025 572.814814815 0.00117325762762 0.00138032769612 0.747548394553 0.66 1659.66666667 1.96 449.333333333
M896_021120 FUN_003046-T1 0.00661049569096 0.00584969367864 -0.396639914268 2.51697530864 736.796296296 2.66975308642 175.203703704 0.000595093876059 0.000935278713056 1.46363864356 0.5 453.833333333 0.0 140.166666667
M896_021130 FUN_002058-T1 0.0025460877521 0.00271732624674 0.190538032164 0.953703703704 536.342592593 0.797839506173 126.657407407 0.00244204326341 0.0027633851468 0.505206801633 1.44 473.333333333 0.0 105.666666667
M896_021140 FUN_004836-T1 0.00468254141371 0.00400164380747 -0.457067064653 1.19290123457 495.564814815 1.21141975309 122.435185185 0.00187029503904 0.00242994317068 1.07658986818 0.82 446.6 0.42 120.4
M896_021160 FUN_002828-T1 0.00113216376904 0.000707951412177 -0.728050603325 0.054012345679 345.666666667 0.239197530864 80.3333333333 0.0083418468998 0.0129137987545 2.36459608093 3.44 269.3 0.5 69.7
M896_021200 FUN_002065-T1 0.00476394474133 0.00598922566524 0.930884420011 7.3024691358 2022.68518519 7.96141975309 509.314814815 0.00173065244739 0.00212158302734 1.02026358732 3.68 1967.33333333 1.0 483.666666667
M896_021230 FUN_004553-T1 0.00443495876425 0.00466338259442 0.150205813877 1.8912037037 359.046296296 0.0810185185185 75.9537037037 0.00088592922902 0.00116959064327 0.819795688532 0.42 329.333333333 0.0 69.6666666667
M896_021240 FUN_004555-T1 0.00253843034533 0.00148148148148 -1.13769725859 0.257716049383 463.0 0.563271604938 107.0 0.00468636427396 0.00593434343434 1.1279417239 1.68 413.5 1.14 114.5
M896_021270 FUN_003625-T1 0.00375123595476 0.00676014109347 2.58157322681 5.47067901235 734.388888889 0.444444444444 165.611111111 0.00128074551587 0.0015834675255 0.850406372326 0.68 670.833333333 0.5 157.166666667
M896_021280 FUN_002594-T1 0.00359497440081 0.00401415982811 0.40185480306 2.03858024691 1366.00925926 4.50617283951 310.990740741 0.00181274749938 0.0014245014245 -0.924032594731 1.82 1245.73333333 0.18 314.266666667
M896_021290 FUN_004552-T1 0.00231875848852 0.00293549043549 0.595625364865 0.054012345679 254.231481481 0.836419753086 57.7685185185 0.00114396686854 0.0017259978425 1.3026779048 0.48 249.4 0.0 59.6
M896_021330 FUN_000139-T1 0.00611875374284 0.00832977967306 1.30917056998 9.43518518519 1625.19444444 6.84259259259 384.805555556 0.00168059791939 0.00213652638375 1.18791349513 2.62 1502.93333333 1.02 390.066666667
M896_021340 FUN_001727-T1 0.00367431176689 0.00420183042477 0.480825880487 2.39969135802 1003.91666667 3.13425925926 244.083333333 0.00213126643984 0.00302421284333 1.77461038378 2.16 923.9 1.0 237.1
M896_021350 FUN_000631-T1 0.00610102100308 0.00612199606873 0.0122457026062 6.21450617284 1220.92592593 3.27469135802 282.074074074 0.00378348675329 0.00533469249066 1.87775518312 3.38 1060.36666667 2.9 247.633333333
M896_021410 FUN_002588-T1 0.00471524072526 0.00534125506193 0.449629936979 2.83487654321 870.833333333 2.74228395062 203.166666667 0.00148612632832 0.00216216216216 1.92676771552 1.5 1322.33333333 1.74 342.666666667
M896_021480 FUN_000773-T1 0.00382779179057 0.00515495086924 0.904195492005 0.331790123457 251.388888889 1.24691358025 63.6111111111 0.00336653107028 0.00380952380952 0.47343387924 0.6 251.366666667 0.48 63.6333333333
M896_021570 FUN_000039-T1 0.000595434278534 0.00112874779541 1.31880954513 0.0 325.333333333 0.444444444444 79.6666666667 0.000860062682187 0.00135171668018 1.46363864356 0.5 317.666666667 0.0 93.3333333333
M896_021590 FUN_003449-T1 0.00439070234801 0.00595793873105 1.13618785301 1.63425925926 559.657407407 2.50154320988 154.342592593 0.00124030092063 0.00116959064327 -0.183929414409 0.6 447.8 0.0 122.2
M896_021620 FUN_000793-T1 0.00460651161043 0.00489683297706 0.212307314277 4.07561728395 841.777777778 0.908950617284 205.222222222 0.00170766068782 0.00197530864198 0.628476237735 1.34 824.533333333 0.5 210.466666667
M896_021720 FUN_004323-T1 0.00346647172218 0.00412150805059 0.661602261772 1.92283950617 1645.55555556 6.95679012346 442.444444444 0.000738737225452 0.0011029838616 1.89304428393 1.4 1525.0 0.5 389.0
M896_021790 FUN_002783-T1 0.00416495479803 0.00525262494174 0.795532744935 0.91049382716 473.268518519 2.0462962963 105.731481481 0.00342240710464 0.00448747502689 1.31813838857 2.5 575.5 0.42 147.5
M896_021820 FUN_003141-T1 0.00219477481507 0.00219405168211 -0.000960866633064 0.859567901235 713.648148148 1.01543209877 165.351851852 0.00088261114202 0.00102649465945 0.525941395125 0.74 640.333333333 0.0 160.666666667
M896_021830 FUN_000807-T1 0.00125599418128 0.000289351851852 -1.72349662315 0.054012345679 454.0 0.108024691358 122.0 0.0 0.0 None 0.0 430.333333333 0.0 91.6666666667
M896_021840 FUN_000814-T1 0.000971403354707 0.000776866637894 -0.49053208023 0.108024691358 794.342592593 0.641975308642 198.657407407 0.000451450526665 0.000255427841635 -1.11173317656 0.18 632.066666667 0.0 150.933333333
M896_030100 FUN_001191-T1 0.00392115256595 0.00309164316133 -0.680860138225 1.19290123457 714.462962963 1.3950617284 146.537037037 0.00230133959882 0.00289351851852 1.03180765951 2.0 614.733333333 0.0 153.266666667
M896_030110 FUN_001180-T1 0.00026794542534 0.000174603174603 -0.512938438813 0.0 709.333333333 0.152777777778 190.666666667 0.00128540277229 0.00137373737374 0.247250383388 1.02 662.066666667 0.0 162.933333333
M896_030130 FUN_004303-T1 0.00329055785505 0.00365729137659 0.315743718839 0.949074074074 409.018518519 0.875 103.981481481 0.00182679980558 0.00172265288544 -0.183929414409 0.6 309.066666667 0.0 77.9333333333
M896_030140 FUN_002835-T1 0.00469935053673 0.00430443630444 -0.299328344408 3.12962962963 1557.05555556 5.03086419753 392.944444444 0.00202156890249 0.00274146695715 1.50833505324 3.02 984.0 0.0 240.0
M896_030150 FUN_002394-T1 0.00270521823661 0.00340862840863 0.736647942131 1.29166666667 500.888888889 0.776234567901 123.111111111 0.006894225862 0.0104412923562 2.30382220002 3.32 449.0 1.98 115.0
M896_030230 FUN_000579-T1 0.00203217036073 0.000762439807384 -1.39921261635 0.158950617284 292.675925926 0.308641975309 64.3240740741 0.00327301631832 0.00432098765432 1.15198436679 0.84 260.333333333 0.42 63.6666666667
M896_030240 FUN_002989-T1 0.00639415219562 0.00548941798942 -0.455395123665 0.770061728395 419.342592593 2.04783950617 108.657407407 0.00258963928483 0.0028897028897 0.444866041533 1.1 438.733333333 0.32 107.266666667
M896_030310 FUN_002697-T1 0.00377492173822 0.00499210734017 1.1397439766 3.44907407407 1756.53703704 7.09259259259 415.462962963 0.00183153244756 0.00234120130493 1.21849965693 3.18 1406.93333333 0.48 330.066666667
M896_030330 FUN_004203-T1 0.00415180859924 0.00378113304943 -0.316856990852 3.26080246914 1705.07407407 4.42592592593 385.925925926 0.000524848941914 0.000296956198961 -1.40085080218 0.18 1075.03333333 0.18 271.966666667
M896_030350 FUN_004527-T1 0.00918670029738 0.00845238095238 -0.281276725196 3.37037037037 665.194444444 3.53240740741 174.805555556 0.000430031341094 0.000675858340092 1.46363864356 0.5 639.0 0.0 183.0
M896_030360 FUN_004500-T1 0.00413401513382 0.00325925925926 -0.704144130054 2.00308641975 844.388888889 1.32407407407 205.611111111 0.000687047157199 0.000993413238311 1.43863243595 0.5 822.333333333 0.42 206.666666667
M896_030380 FUN_002957-T1 0.00240349717083 0.00181933238412 -0.725842411857 0.675925925926 730.648148148 0.921296296296 172.351851852 0.00156064354251 0.0018395879323 0.686229081932 1.08 727.0 0.42 179.0
M896_030420 FUN_002646-T1 0.00635802704197 0.00576928825516 -0.298023569879 1.5262345679 431.796296296 1.45216049383 99.2037037037 0.00248933635478 0.00302556077204 0.775011873709 0.84 350.2 0.32 75.8
M896_030460 FUN_002639-T1 0.00434506095146 0.00514514514515 0.5609329644 1.15586419753 443.777777778 1.62037037037 111.222222222 0.0 0.0 None 0.0 412.0 0.0 104.0
M896_030470 FUN_002638-T1 0.00488043453298 0.00537792894936 0.336830780509 2.24074074074 668.712962963 2.1512345679 171.287037037 0.000428467590762 0.000646464646465 1.3026779048 0.48 654.6 0.0 170.4
M896_030490 FUN_002656-T1 0.00292304100371 0.00366041366041 0.792924558738 0.054012345679 807.509259259 3.46913580247 182.490740741 0.000390160885628 0.000613195977434 1.46363864356 0.5 721.833333333 0.0 184.166666667
M896_030520 FUN_002661-T1 0.00183734005948 0.00239758125472 0.74688016808 0.486111111111 423.611111111 0.737654320988 101.388888889 0.00207932801399 0.00252723311547 0.775011873709 0.0 406.0 1.16 104.0
M896_030590 FUN_000787-T1 0.00416495479803 0.0024097376429 -1.28378325861 0.48225308642 465.083333333 0.874228395062 113.916666667 0.00174992951673 0.0017601760176 0.0210668875362 0.64 476.333333333 0.32 129.666666667
M896_030660 FUN_001950-T1 0.00722549461591 0.00908388324119 0.882970042814 2.3487654321 647.574074074 4.72530864198 153.425925926 0.00119825682162 0.00155681104834 1.07658986818 0.42 693.966666667 0.82 191.033333333
M896_030790 FUN_004411-T1 0.00651384568499 0.00570607553366 -0.447358368363 5.23456790123 1421.03703704 4.41820987654 318.962962963 0.00123251660523 0.0016116534945 1.2334733704 0.9 1151.76666667 1.18 282.233333333
M896_030830 FUN_001526-T1 0.00745827472596 0.00893470790378 0.591188532479 0.929012345679 235.814814815 1.5987654321 55.1851851852 0.00250699122255 0.00260047281324 0.120300932534 0.18 229.333333333 0.48 52.6666666667
M896_030880 FUN_000354-T1 0.00306547732381 0.00334723343198 0.274489549181 1.2762345679 572.324074074 1.02777777778 135.675925926 0.00204919282539 0.00322061191626 2.19474808443 1.0 542.833333333 1.0 147.166666667
M896_030910 FUN_000361-T1 0.00506353559698 0.0069074698996 1.06200483918 1.93055555556 308.62037037 0.628086419753 72.3796296296 0.00277243735199 0.00296296296296 0.221711048181 0.5 200.0 0.18 55.0
M896_030920 FUN_000359-T1 0.00146685451829 0.00164909434982 0.323999189809 0.54012345679 658.935185185 0.777777777778 163.064814815 0.001732773345 0.00254175744372 1.67974585712 0.98 488.4 0.42 123.6
M896_030940 FUN_000675-T1 0.00469393445851 0.00501679990731 0.200594707381 0.493827160494 334.657407407 1.51080246914 76.3425925926 0.00368214335811 0.00486111111111 1.22929592283 0.68 303.4 1.0 80.6
M896_031010 FUN_001335-T1 0.00413283432401 0.00398117544647 -0.123616934229 1.92592592593 937.212962963 2.59104938272 229.787037037 0.0016713274817 0.00218019437878 1.16895516273 1.48 663.9 0.18 182.1
M896_031070 FUN_001316-T1 0.00769406225736 0.00920815295815 0.724068515187 13.9992283951 1861.57407407 7.03780864198 427.425925926 0.00187401331944 0.00172299536117 -0.347674991781 1.6 1217.96666667 0.74 291.033333333
M896_031140 FUN_001259-T1 0.00175701918256 0.00272356665799 1.34744832768 0.0 442.666666667 1.4537037037 106.333333333 0.00264783342606 0.00258010819809 -0.0982007993658 0.92 418.7 0.32 115.3
M896_031180 FUN_001253-T1 0.00621751815706 0.00465082288287 -0.810994307702 0.770061728395 438.231481481 1.68518518519 104.768518519 0.00205514978127 0.00176571920758 -0.506694602784 0.0 411.066666667 0.82 104.933333333
M896_031190 FUN_001251-T1 0.00415777384149 0.00382229520161 -0.286358901764 0.688271604938 1633.80555556 7.07098765432 454.194444444 0.0012183162662 0.00141145576892 0.671469728684 0.0 1587.66666667 2.58 443.333333333
M896_031230 FUN_000760-T1 0.00208247739902 0.000655207390959 -1.78736605191 0.108024691358 475.333333333 0.260802469136 103.666666667 0.00370530149244 0.00395993477754 0.27556124368 1.38 382.133333333 0.32 94.8666666667
M896_031310 FUN_003142-T1 0.00326558487133 0.00427248677249 0.981467264533 1.3287037037 789.194444444 2.65895061728 170.805555556 0.00102459641269 0.000880300590446 -0.506694602784 0.64 828.8 0.18 206.2
M896_031380 FUN_002302-T1 0.00297717139267 0.00242434422329 -0.526064727744 0.552469135802 471.685185185 0.783950617284 95.3148148148 0.0 0.0 None 0.0 407.0 0.0 100.0
M896_031390 FUN_001183-T1 0.00291895854421 0.00234400401998 -0.626982186537 0.712962962963 876.648148148 1.73456790123 197.351851852 0.00341532137564 0.00520665593129 2.2628859157 3.38 661.866666667 0.5 166.133333333
M896_031430 FUN_003069-T1 0.00248609157532 0.00236186112475 -0.11190337724 0.668209876543 230.62962963 0.0 60.3703703704 0.00135435158 0.00204342273308 1.3026779048 0.48 208.0 0.0 53.0
M896_031440 FUN_000200-T1 0.00149783157022 0.00182720431168 0.492444089975 0.104938271605 377.703703704 0.753086419753 105.296296296 0.00329590454433 0.004921004921 1.89304428393 1.4 341.133333333 0.5 87.8666666667
M896_031470 FUN_001184-T1 0.00341850178137 0.00381813856905 0.414081120425 3.22067901235 1974.26851852 5.94444444444 494.731481481 0.00184369055769 0.00214951793899 0.742768488417 3.9 1678.36666667 0.18 430.633333333
M896_031480 FUN_001189-T1 0.00241755270984 0.00301547519593 0.605807110455 0.401234567901 321.851851852 0.768518518519 77.1481481481 0.0 0.0 None 0.0 271.0 0.0 68.0
M896_040100 FUN_000504-T1 0.0056875208209 0.00774183887391 1.17393281872 1.66975308642 521.740740741 3.11728395062 114.259259259 0.0022768809171 0.00300590445518 1.22929592283 0.5 499.0 1.18 122.0
M896_040160 FUN_000475-T1 0.0042772939458 0.00503082374642 0.615109142742 3.08641975309 1357.65740741 4.91049382716 277.342592593 0.00206264485706 0.0032417537888 2.46630624615 4.0 1091.33333333 0.0 279.666666667
M896_040170 FUN_000476-T1 0.00511532175649 0.00623136123136 0.75954014583 3.94984567901 1063.12037037 4.04706790123 256.87962963 0.00210408191892 0.00300453514739 1.81264971671 2.0 933.833333333 1.18 242.166666667
M896_040200 FUN_000505-T1 0.00628335633547 0.00777677947489 0.82987376091 5.3487654321 917.046296296 3.06635802469 195.953703704 0.00183390797603 0.00193111399337 0.203503001134 1.34 621.0 0.0 150.0
M896_040210 FUN_000478-T1 0.00370562822279 0.00564936770611 1.66965154871 1.63425925926 682.824074074 3.01234567901 163.175925926 0.0 0.0 None 0.0 586.666666667 0.0 151.333333333
M896_040220 FUN_000477-T1 0.00463751697704 0.00565527065527 0.713272908549 1.81944444444 638.425925926 2.46913580247 141.574074074 0.000927784153226 0.000991542723826 0.221711048181 0.68 603.9 0.0 158.1
M896_040270 FUN_003619-T1 0.00802562367501 0.00673911402913 -0.574574248227 4.77314814815 1030.26851852 3.81790123457 232.731481481 0.0026101269374 0.00304735114862 0.709509061618 1.26 763.7 1.34 184.3
M896_040280 FUN_000472-T1 0.00221442500281 0.00318917894675 1.34092710652 1.40586419753 880.12962963 1.97067901235 208.87037037 0.00114842677836 0.00167496931629 1.83847050307 1.32 1240.23333333 1.0 298.766666667
M896_040300 FUN_002254-T1 0.0044416829268 0.00511558921262 0.543035806895 5.48456790123 1823.53703704 5.58641975309 402.462962963 0.00126019879636 0.00152505446623 0.906750379347 2.9 1802.43333333 0.18 441.566666667
M896_040320 FUN_000743-T1 0.00165398410704 0.00303525159492 2.17788086546 0.0 579.333333333 2.1512345679 149.666666667 0.00106632205846 0.00137422490364 0.931581857715 0.82 531.066666667 0.0 131.933333333
M896_040340 FUN_000464-T1 0.00506619501694 0.00564670312569 0.401185883773 3.36882716049 1175.72222222 4.47067901235 252.277777778 0.0025430630387 0.00385469402256 2.25842915812 3.84 992.266666667 0.5 258.733333333
M896_040370 FUN_000462-T1 0.00504198381016 0.00653884811591 1.05156655853 8.03549382716 1385.05555556 2.60648148148 288.944444444 0.00262814693219 0.00297397769517 0.544375829569 1.34 651.166666667 0.82 155.833333333
M896_040410 FUN_003240-T1 0.00303812135819 0.00285797608632 -0.203561087579 1.42438271605 1556.80555556 3.86882716049 348.194444444 0.0023493430015 0.00257895932743 0.444743819541 4.12 1579.36666667 0.42 376.633333333
M896_040470 FUN_000443-T1 0.0021340786089 0.00135318630894 -0.999812849617 0.331790123457 546.185185185 0.560185185185 131.814814815 0.000623431679681 0.000940623162845 1.3026779048 0.48 449.6 0.0 117.4
M896_040480 FUN_000444-T1 0.00681217183068 0.00892296655009 0.943912093307 0.992283950617 286.296296296 2.0787037037 67.7037037037 0.0 0.0 None 0.0 226.666666667 0.0 58.3333333333
M896_040500 FUN_002544-T1 0.000909513027825 0.00108699370553 0.552835338288 1.28086419753 1508.38888889 1.2037037037 348.611111111 0.00196380979099 0.00238683127572 0.943224200733 2.82 1299.73333333 0.66 320.266666667
M896_040510 FUN_003505-T1 0.00394948459316 0.00494082025874 0.829396807761 2.24305555556 836.990740741 2.74305555556 201.009259259 0.00118222663003 0.00136256657996 0.548828377857 0.18 725.666666667 0.92 171.333333333
M896_040530 FUN_003170-T1 0.00466958832543 0.00497266679839 0.208894415876 1.28317901235 588.296296296 2.21219135802 134.703703704 0.0010070819441 0.00129787907566 0.931581857715 0.82 552.166666667 0.0 149.833333333
M896_040540 FUN_000072-T1 0.00252778703151 0.00272425765088 0.252612998375 1.49074074074 1157.78703704 2.29938271605 273.212962963 0.0015537835709 0.00192104192104 0.977835965497 2.36 1107.43333333 0.0 257.566666667
M896_040560 FUN_000070-T1 0.00373298580195 0.00377741739971 0.0386842475207 1.62808641975 770.925925926 1.93055555556 198.074074074 0.0 0.0 None 0.0 542.333333333 0.0 132.666666667
M896_040580 FUN_000062-T1 0.0080383627602 0.0103751803752 0.90062775487 1.4737654321 271.398148148 1.8549382716 58.6018518519 0.0020141638882 0.00265906932574 1.03299197336 0.42 277.333333333 0.42 73.6666666667
M896_040650 FUN_002688-T1 0.00287084384293 0.00331838049229 0.532945357201 3.14891975309 1580.62037037 3.08410493827 351.37962963 0.00327301631832 0.00374485596708 0.63897903968 2.12 863.9 1.52 216.1
M896_040680 FUN_004247-T1 0.00689964144805 0.00755214390944 0.338479323733 7.0 1195.99074074 4.01697530864 238.009259259 0.0024357330741 0.00356014929658 1.99165880843 3.3 929.666666667 0.42 231.333333333
M896_040710 FUN_002674-T1 0.00192920706245 0.000986243386243 -1.09458218572 0.0 302.981481481 0.359567901235 72.0185185185 0.00199709470271 0.00213433772756 0.221711048181 0.68 280.366666667 0.0 73.6333333333
M896_040760 FUN_002687-T1 0.00330796821408 0.00434385002286 1.05488958776 2.48611111111 1163.56481481 3.6712962963 294.435185185 0.000913399902788 0.00137812230835 1.95338504403 1.92 1251.0 0.0 297.0
M896_040770 FUN_002689-T1 0.00259302024523 0.00226147806793 -0.313183093501 0.0 295.0 0.817901234568 77.0 0.00424607522377 0.00667334000667 2.19474808443 1.5 260.833333333 0.5 72.1666666667
M896_040780 FUN_002549-T1 0.00309167798469 0.00465506715507 1.23862054037 0.506172839506 258.555555556 0.905864197531 53.4444444444 0.00238037550424 0.00359147025814 1.64145266725 0.48 231.533333333 0.48 65.4666666667
M896_040800 FUN_002615-T1 0.00393180787184 0.00515010351967 0.925360563131 0.930555555556 457.833333333 1.83333333333 94.1666666667 0.000736428671623 0.000416666666667 -1.11173317656 0.18 380.666666667 0.0 99.3333333333
M896_040810 FUN_003025-T1 0.00332163750422 0.00281312402525 -0.497563821288 1.50617283951 889.962962963 1.47222222222 199.037037037 0.000963176464248 0.00145322434151 1.83053485435 0.48 877.0 0.96 224.0
M896_040890 FUN_002669-T1 0.00334415708052 0.00424421780354 0.934041775784 2.22839506173 1593.87037037 5.80555555556 353.12962963 0.000424607522377 0.000333667000334 -0.690979992648 0.5 1328.33333333 0.0 336.666666667
M896_041030 FUN_001537-T1 0.00319707609781 0.00210137085137 -0.970944508059 0.108024691358 430.009259259 0.970679012346 97.9907407407 0.00135435158 0.00208599404002 1.7428627829 0.98 411.933333333 0.0 110.066666667
M896_041100 FUN_002705-T1 0.00663718026072 0.00946820763335 1.50442737954 7.58384773663 978.268518519 4.11522633745 221.731481481 0.00255224377169 0.00334269287338 1.28125806065 2.0 661.766666667 0.5 169.233333333
M896_041150 FUN_000768-T1 0.00224674735534 0.00270958624996 0.615213972591 0.58024691358 791.851851852 1.96450617284 174.148148148 0.00200559297804 0.00208037825059 0.143162241034 0.82 558.733333333 0.5 146.266666667
M896_041180 FUN_000540-T1 0.000692962306914 0.000159642401022 -1.1332128884 0.0 278.666666667 0.054012345679 69.3333333333 0.00512298206346 0.00714975845411 1.58638836446 1.72 282.433333333 0.5 62.5666666667
M896_041210 FUN_000182-T1 0.00534520285845 0.00647505378963 0.731105079479 3.39969135802 954.935185185 3.98456790123 218.064814815 0.000493006642091 0.000495893382923 0.0149919947447 0.32 573.666666667 0.0 143.333333333
M896_041230 FUN_003196-T1 0.00392115256595 0.00623306233062 1.44418413863 0.5 199.666666667 0.990740740741 46.3333333333 0.00155037615079 0.00155945419103 0.0149919947447 0.32 184.2 0.0 43.8
M896_041260 FUN_000958-T1 0.00248806466387 0.00294784580499 0.588219102147 0.634259259259 1001.53703704 2.97685185185 258.462962963 0.0031504969909 0.00457516339869 2.00435417958 3.62 892.833333333 1.0 229.166666667
M896_041270 FUN_004699-T1 0.00408730309841 0.00469016231728 0.479377474281 1.48765432099 715.462962963 2.54783950617 169.537037037 0.00320933895805 0.00406398616515 1.1279417239 2.82 620.666666667 0.0 150.333333333
M896_041280 FUN_000959-T1 0.00441428734628 0.00430885122411 -0.0828914971986 5.18209876543 1207.83333333 1.45833333333 268.166666667 0.00204919282539 0.00201288244767 -0.0764478845101 2.0 1082.5 0.5 297.5
M896_041350 FUN_004878-T1 0.00481699641061 0.00514568429675 0.246436569336 6.73456790123 1922.7037037 5.28703703704 480.296296296 0.00147621237136 0.00202480384713 1.66404608871 3.48 2104.23333333 1.32 529.766666667
M896_041380 FUN_000944-T1 0.00353488250573 0.00269506063295 -0.86671138973 6.54783950617 3301.5 4.49228395062 724.5 0.00186855036083 0.00244610281924 1.43724687327 5.58 2585.66666667 1.5 630.333333333
M896_041450 FUN_000939-T1 0.00471338033103 0.00442906714417 -0.223634805509 11.5077160494 3816.7037037 8.76080246914 890.296296296 0.00213228677038 0.00225399662397 0.272769421801 7.9 3570.1 1.18 905.9
M896_041480 FUN_000909-T1 0.0097014722968 0.00902663747491 -0.223877357037 1.83641975309 274.490740741 1.21759259259 73.5092592593 0.0015710478328 0.00246913580247 1.46363864356 0.5 185.5 0.0 39.5
M896_041490 FUN_000912-T1 0.00324782333746 0.00311180588958 -0.137305333245 1.16049382716 939.75 2.43364197531 248.25 0.00082590131397 0.00102111457252 0.850406372326 1.18 1028.0 0.0 256.0
M896_041620 FUN_000180-T1 0.00149550935074 0.00161683277962 0.198710572738 0.399691358025 515.231481481 0.614197530864 129.768518519 0.00170766068782 0.0020397208803 0.699617375091 0.48 488.8 0.66 132.2
M896_041660 FUN_000185-T1 0.00323382409893 0.00327647023049 0.0424437339863 0.912037037037 843.351851852 2.41358024691 200.648148148 0.00148212059698 0.00186349871884 0.987932882432 0.5 767.4 1.1 186.6
M896_041670 FUN_000201-T1 0.00537137937101 0.00541624451199 0.0306333725937 10.5771604938 2425.67592593 5.65895061728 583.324074074 0.00234193465758 0.00312859443294 1.55494911794 3.52 1929.5 3.28 485.5
M896_041730 FUN_000209-T1 0.00607550673736 0.00564784053156 -0.224063987371 1.93209876543 415.694444444 0.901234567901 100.305555556 0.001732773345 0.00243282498184 1.45356236126 1.34 490.633333333 0.0 121.366666667
M896_041740 FUN_004905-T1 0.00369253413013 0.00402901639651 0.290059634765 1.02546296296 683.87962963 2.30015432099 165.12037037 0.000896034885625 0.00129559217012 1.43863243595 0.92 624.833333333 0.0 164.166666667
M896_041800 FUN_004831-T1 0.00427897637425 0.00536141790895 0.814169622747 1.31481481481 631.842592593 2.79783950617 157.157407407 0.000916953988013 0.000979968295143 0.221711048181 0.18 615.066666667 0.5 155.933333333
M896_041810 FUN_004559-T1 0.00128408350802 0.000704903899792 -1.17627172179 0.158950617284 768.0 0.484567901235 171.0 0.0014487121409 0.00227686703097 2.0567183502 0.5 584.666666667 1.0 147.333333333
M896_041840 FUN_000231-T1 0.00458710918381 0.00581004140787 0.902896814698 4.09645061728 891.509259259 2.13966049383 212.490740741 0.00149150110708 0.00159399906235 0.263843761233 0.68 766.1 0.68 181.9
M896_041980 FUN_000257-T1 0.00097552946119 0.000577901063338 -1.06297895272 0.0 958.351851852 0.694444444444 277.648148148 0.00092293932736 0.00106372691229 0.548828377857 1.1 902.6 0.0 246.4
M896_042020 FUN_004342-T1 0.00196257076546 0.00263366112807 0.997219118958 0.475308641975 786.592592593 2.65277777778 197.407407407 0.000444636179093 0.000251572327044 -1.11173317656 0.0 644.333333333 0.18 150.666666667
M896_042030 FUN_003028-T1 0.00267055241203 0.00228339397775 -0.441630200277 1.23148148148 731.175925926 0.773148148148 171.824074074 0.0010070819441 0.00117125672681 0.525941395125 0.74 572.9 0.0 129.1
M896_042050 FUN_003942-T1 0.00205060274495 0.0029991361624 1.20630954285 0.054012345679 472.962962963 1.66049382716 115.037037037 0.0013019733421 0.00151422140372 0.525941395125 0.32 433.866666667 0.42 109.133333333
M896_042060 FUN_004174-T1 0.00336489603916 0.00274640088594 -0.548927807394 1.15277777778 525.009259259 0.569444444444 119.990740741 0.00346554668999 0.00490196078431 1.71471819658 2.28 485.566666667 0.42 126.433333333
M896_042130 FUN_002313-T1 0.00129651012261 0.00162428173181 0.566145000611 0.382716049383 454.018518519 0.498456790123 103.981481481 0.00180349878765 0.00181405895692 0.0210668875362 0.32 468.133333333 0.64 119.866666667
M896_042140 FUN_003309-T1 0.00041012054899 0.000345535039413 -0.231876578842 0.0 490.0 0.197530864198 98.0 0.0 0.0 None 0.0 143.333333333 0.0 36.6666666667
M896_050190 FUN_004503-T1 0.00423071724221 0.00421609579504 -0.0105280394658 0.430555555556 459.277777778 1.90586419753 110.722222222 0.00197478079541 0.00252431202152 1.00119536956 0.74 434.866666667 0.48 102.133333333
M896_050210 FUN_004775-T1 0.00722008631156 0.00506922662611 -0.968207073168 1.94598765432 413.953703704 0.523148148148 87.0462962963 0.00321350693072 0.00276094276094 -0.506694602784 0.5 257.9 0.32 72.1
M896_050250 FUN_004461-T1 0.0040191813801 0.00352764094143 -0.427014373459 2.53240740741 1420.99074074 3.43518518519 319.009259259 0.00127520116298 0.00157126823793 0.930974804068 1.64 1111.9 0.32 274.1
M896_050300 FUN_004454-T1 0.00103055932823 0.00100054266721 -0.0565948464462 0.0 377.0 0.45524691358 91.0 0.0 0.0 None 0.0 340.0 0.0 95.0
M896_050410 FUN_004913-T1 0.00513086984694 0.00506210364366 -0.0400253031978 1.08487654321 335.907407407 0.996913580247 87.0925925926 0.00245476223874 0.00365226337449 1.75514035573 1.42 342.8 0.0 89.2
M896_050430 FUN_004466-T1 0.00442609672409 0.00408901670003 -0.27842439722 7.76234567901 2770.75 5.66666666667 607.25 0.00212867798811 0.00285748022199 1.59200515221 5.76 2271.5 1.5 551.5
M896_050480 FUN_000789-T1 0.00356650907449 0.00245769904473 -0.989608565786 1.00771604938 697.351851852 1.09259259259 181.648148148 0.00260682715619 0.00324483775811 0.98139123179 1.66 535.833333333 0.32 142.166666667
M896_050490 FUN_004433-T1 0.00120334771859 0.000630485061623 -1.24150089185 0.158950617284 813.314814815 0.45524691358 188.685185185 0.000745750553542 0.000750117205813 0.018890816886 0.64 757.733333333 0.0 190.266666667
M896_050520 FUN_004440-T1 0.00268352019309 0.00200801278191 -0.856698093322 1.73148148148 1575.75 2.12808641975 401.25 0.000887597645647 0.000864895026854 -0.0982007993658 1.06 1266.53333333 0.18 326.466666667
M896_050590 FUN_004432-T1 0.00411832627183 0.00467756995271 0.405537404338 0.239197530864 419.314814815 2.31327160494 108.685185185 0.0 0.0 None 0.0 396.0 0.0 102.0
M896_050610 FUN_004427-T1 0.00598794517126 0.00481923393887 -0.688398913268 3.23302469136 1059.75925926 2.99382716049 269.240740741 0.00300026495846 0.00329218106996 0.435675954987 2.24 1040.06666667 1.6 255.933333333
M896_050620 FUN_004422-T1 0.00387563918796 0.00187925170068 -1.7876506861 0.810185185185 1351.62962963 2.25925925926 328.37037037 0.000485891082308 0.000458190148912 -0.183929414409 0.6 1168.33333333 0.0 286.666666667
M896_050640 FUN_004320-T1 0.0022328785445 0.00283446712018 0.763287449934 1.6049382716 622.398148148 0.478395061728 133.601851852 0.00230133959882 0.003125 1.43513908129 1.66 620.733333333 0.5 147.266666667
M896_050650 FUN_004407-T1 0.0048583511188 0.00562823419966 0.49093499111 1.40277777778 446.814814815 1.58487654321 99.1851851852 0.00234096531377 0.00328673043905 1.45356236126 0.92 367.0 0.42 86.0
M896_050700 FUN_004299-T1 0.0043306869313 0.00664926336004 1.7930427381 2.0462962963 837.824074074 5.33796296296 221.175925926 0.00141962153566 0.00203034359661 1.65168124353 1.32 792.566666667 0.5 203.433333333
M896_050710 FUN_004297-T1 0.00433043111661 0.00372151853633 -0.461008565772 2.01697530864 728.564814815 1.20679012346 162.435185185 0.00170766068782 0.00254070495616 1.75514035573 1.0 490.833333333 0.42 130.166666667
M896_050770 FUN_001962-T1 0.00653525427659 0.00955822256635 1.55822163007 3.04783950617 605.490740741 3.81018518519 132.509259259 0.00151062291615 0.00231085786641 1.90592935297 0.98 562.733333333 0.48 139.266666667
M896_050780 FUN_004288-T1 0.00414755818094 0.00575250575251 1.31051855016 4.25 1004.24074074 2.5787037037 216.759259259 0.00140690850698 0.00141514648977 0.022480720834 0.68 809.166666667 0.6 195.833333333
M896_050790 FUN_004096-T1 0.00489291646273 0.00727398205659 1.37866008019 0.987654320988 270.518518519 1.45216049383 74.4814814815 0.00203152736999 0.00236270753512 0.525941395125 0.74 276.033333333 0.0 71.9666666667
M896_050810 FUN_004284-T1 0.00243586750309 0.0033317299984 1.12036321029 0.799382716049 794.333333333 2.40740740741 195.666666667 0.00129009402328 0.00159502568262 0.850406372326 1.18 667.333333333 0.0 154.666666667
M896_050860 FUN_004364-T1 0.00477956704661 0.00434434434434 -0.282105201142 0.765432098765 457.277777778 1.5787037037 97.7222222222 0.00206716820105 0.00255577214642 0.850406372326 1.18 406.166666667 0.0 106.833333333
M896_050910 FUN_004382-T1 0.00301660412635 0.00383685483023 0.898483990804 1.49074074074 1089.50925926 3.5787037037 269.490740741 0.00271216697478 0.00371317609169 1.61611976033 3.5 946.133333333 0.42 226.866666667
M896_050920 FUN_004385-T1 0.00539158477819 0.00512646793135 -0.152338262395 1.6450617284 404.138888889 0.807098765432 87.8611111111 0.00285069163209 0.00400238948626 1.45356236126 1.34 294.966666667 0.0 77.0333333333
M896_050980 FUN_000393-T1 0.00358398339627 0.00268678596704 -0.871497539519 2.53858024691 1504.71296296 2.38271604938 379.287037037 0.00218201087888 0.00274348422497 0.830171742068 0.8 260.933333333 0.0 63.0666666667
M896_051030 FUN_004331-T1 0.0024253680742 0.00253375296479 0.126603213436 0.479938271605 561.518518519 1.23456790123 134.481481481 0.0027275135986 0.00360082304527 1.28388979812 1.1 516.933333333 1.0 131.066666667
M896_051070 FUN_004338-T1 0.0040191813801 0.00336589336589 -0.517388436364 1.00771604938 645.833333333 1.54475308642 134.166666667 0.0010114041842 0.00130344937212 0.931581857715 0.32 557.8 0.5 141.2
M896_051100 FUN_004332-T1 0.00274035094098 0.00280182780183 0.050238626159 0.0 212.907407407 0.719135802469 51.0925925926 0.00155037615079 0.00243664717349 1.46363864356 0.5 181.833333333 0.0 46.1666666667
M896_051120 FUN_001206-T1 0.00467841218848 0.00606925897931 0.921019702388 1.5524691358 468.907407407 1.79320987654 98.0925925926 0.00186045138094 0.00272904483431 1.67974585712 0.92 451.033333333 0.48 118.966666667
M896_051140 FUN_004336-T1 0.00302297402948 0.0022014199792 -0.924920221985 1.80787037037 1438.02777778 1.94830246914 316.972222222 0.00220469290465 0.0029568029568 1.49377511313 3.34 1140.16666667 0.5 302.833333333
M896_051180 FUN_004344-T1 0.00288113360581 0.00368979664081 0.982705642314 4.97530864198 1989.56481481 4.03240740741 521.435185185 0.00253054684477 0.00374844643301 2.22792781005 7.04 1786.6 0.5 448.4
M896_051370 FUN_004481-T1 0.00336266171244 0.00348289382154 0.115076758811 2.75925925926 818.731481481 1.08024691358 186.268518519 0.00352780201975 0.00428032823242 0.945491826187 3.12 797.266666667 0.74 204.733333333
M896_051390 FUN_004271-T1 0.00545650452266 0.00573075440625 0.179890589597 5.33719135802 1497.98148148 4.75848765432 314.018518519 0.000524848941914 0.000560917264703 0.221711048181 0.68 1088.5 0.0 258.5
M896_051630 FUN_002319-T1 0.00358144875455 0.00457069516475 0.824890540843 0.757716049383 503.361111111 1.93518518519 102.638888889 0.000640372757933 0.00100644122383 1.46363864356 0.5 442.0 0.0 110.0
M896_051650 FUN_001086-T1 0.00326124409505 0.0037720773258 0.521245829453 3.87037037037 1073.12037037 1.33950617284 258.87962963 0.00363170303814 0.00517503805175 1.86080905473 4.08 703.6 0.0 172.4
M896_051760 FUN_000764-T1 0.0058156969658 0.00616506616507 0.21898467151 8.84645061728 1941.67592593 5.77237654321 464.324074074 0.00190970157957 0.00196890569662 0.137412661759 1.2 1474.23333333 2.08 376.766666667
M896_051770 FUN_000756-T1 0.00566081884521 0.00747447648856 1.04129699319 2.3225308642 517.888888889 2.32098765432 121.111111111 0.00104273086247 0.000589970501475 -1.40085080218 0.18 535.666666667 0.18 142.333333333
M896_051830 FUN_002207-T1 0.00275601008921 0.00289644746788 0.139232268021 1.04166666667 414.814814815 0.436728395062 110.185185185 0.00190046108806 0.00227001194743 0.699617375091 1.14 444.666666667 0.0 113.333333333
M896_051870 FUN_004478-T1 0.00604388177459 0.00615825277479 0.0576462557323 1.72685185185 326.925925926 0.662037037037 72.0740740741 0.0 0.0 None 0.0 340.333333333 0.0 79.6666666667
M896_051890 FUN_000431-T1 0.00241590137602 0.00157573654841 -1.07739115432 0.216049382716 903.740740741 1.46604938272 194.259259259 0.00172264016754 0.00162443144899 -0.228603033542 0.66 823.933333333 0.84 202.066666667
M896_051910 FUN_003726-T1 0.00410525939977 0.00486476120743 0.649433333877 3.2237654321 1468.83333333 5.38888888889 352.166666667 0.00171120355232 0.00222836944829 1.28009905563 1.58 1169.83333333 1.32 276.166666667
M896_051930 FUN_002640-T1 0.00354327139819 0.00370050257691 0.160768005698 4.1774691358 2835.83333333 8.31018518519 635.166666667 0.00173867382177 0.00237945096061 1.67703636351 3.84 2118.1 1.82 524.9
M896_051940 FUN_000429-T1 0.000772919496174 0.000178062678063 -1.1332128884 0.054012345679 254.657407407 0.0 57.3425925926 0.0 0.0 None 0.0 254.0 0.0 64.0
M896_051980 FUN_000419-T1 0.00239236986911 0.00125031494079 -1.24493400607 0.558641975309 401.37037037 0.054012345679 102.62962963 0.0 0.0 None 0.0 404.666666667 0.0 99.3333333333
M896_052030 FUN_000413-T1 0.00136243436614 0.00154502478958 0.379678537567 0.054012345679 973.87037037 1.80709876543 265.12962963 0.00174992951673 0.00229189585625 1.28125806065 0.84 952.333333333 1.66 259.666666667
M896_052070 FUN_000406-T1 0.00296150206955 0.00278473962684 -0.16909532318 0.75 455.101851852 0.793209876543 114.898148148 0.0018507107978 0.00186154741129 0.0210668875362 0.32 451.4 0.64 121.6
M896_052080 FUN_000405-T1 0.000920423216817 0.000922896724423 0.00601807977736 0.0 630.0 0.70524691358 156.0 0.000801555016732 0.000831443688587 0.120300932534 0.66 695.833333333 0.0 186.166666667
M896_052170 FUN_002422-T1 0.00233843280297 0.00266281866282 0.404549752513 0.0 660.666666667 2.13580246914 164.333333333 0.00122313412588 0.00181981289248 1.75514035573 0.5 685.833333333 0.92 181.166666667
M896_060020 FUN_003043-T1 0.00547113695721 0.00600016620959 0.307788035528 1.38888888889 471.768518519 1.9537037037 101.231481481 0.00137811213403 0.00138618150314 0.018890816886 0.64 412.333333333 0.0 100.666666667
M896_060100 FUN_003818-T1 0.00526530311804 0.00512649892563 -0.0908527327455 3.75462962963 930.675925926 2.05864197531 215.324074074 0.00248350652725 0.00279295689132 0.545604097337 2.42 1022.0 0.8 259.0
M896_060160 FUN_003997-T1 0.00601243393446 0.00564459930314 -0.220442208518 8.25462962963 1511.36111111 1.87037037037 333.638888889 0.00169945078067 0.0022792022792 1.41129610143 1.64 998.966666667 0.92 249.033333333
M896_060200 FUN_002312-T1 0.00294599682311 0.00405551400316 1.06697783889 0.950617283951 442.259259259 1.30864197531 130.740740741 0.000681090100923 0.000899165061015 0.819795688532 0.0 398.866666667 0.42 120.133333333
M896_060220 FUN_000978-T1 0.000388326703392 0.000787260690642 1.51264531063 0.0 495.333333333 0.475308641975 125.666666667 0.000583309838909 0.000770077007701 0.819795688532 0.0 480.666666667 0.42 125.333333333
M896_060230 FUN_004612-T1 0.0058407722145 0.00736127330133 0.960922506323 13.9598765432 2696.44444444 9.67901234568 606.555555556 0.00155223288869 0.00196939454424 1.20340728856 2.46 1996.56666667 1.98 508.433333333
M896_060270 FUN_000990-T1 0.000828697191774 0.000190912562047 -1.49542861119 0.0 472.333333333 0.108024691358 109.666666667 0.000589142937298 0.000925925925926 1.46363864356 0.5 470.833333333 0.0 129.166666667
M896_060280 FUN_000074-T1 0.00129651012261 0.00153183137054 0.352673424413 0.401234567901 305.907407407 0.152777777778 66.0925925926 0.0 0.0 None 0.0 278.333333333 0.0 72.6666666667
M896_060390 FUN_001289-T1 0.00110958995156 0.00115801603532 0.130336908507 1.44598765432 1580.17592593 0.756172839506 375.824074074 0.00466340055909 0.00590247239324 1.22382423211 5.08 909.566666667 0.96 227.433333333
M896_060480 FUN_002195-T1 0.00441779886379 0.00562524441236 0.954294591361 4.22067901235 1285.90740741 5.0462962963 298.092592593 0.00232862821067 0.0034255599473 2.0879485759 3.38 1218.9 1.3 299.1
M896_060490 FUN_000676-T1 0.00198478092845 0.00355673133451 1.93995516971 0.984567901235 391.962962963 0.695987654321 94.037037037 0.00128074551587 0.00100644122383 -0.690979992648 0.5 438.666666667 0.0 113.333333333
M896_060510 FUN_002274-T1 0.000537683127773 0.000380456902196 -0.56818018502 0.054012345679 714.981481481 0.277777777778 182.018518519 0.00167727526633 0.00144984842494 -0.520586120065 0.68 664.633333333 0.42 178.366666667
M896_060540 FUN_001474-T1 0.00312776761097 0.00425750931588 1.100311947 0.927469135802 617.333333333 2.26388888889 153.666666667 0.000902901053331 0.000936568752661 0.120300932534 0.66 606.733333333 0.0 176.266666667
M896_060550 FUN_003621-T1 0.00265900040414 0.00381679389313 1.3859971365 0.197530864198 935.740740741 4.1774691358 243.259259259 0.000899454866104 0.000942418245217 0.171855884771 0.0 932.333333333 1.0 246.666666667
M896_060570 FUN_001529-T1 0.00251198836256 0.00292989417989 0.433858844663 0.916666666667 393.018518519 0.450617283951 86.9814814815 0.00272961978671 0.0036894036894 1.45464211502 1.42 623.166666667 1.16 153.833333333
M896_060620 FUN_000941-T1 0.00856663882082 0.00592066311427 -1.04047948708 2.02314814815 452.703703704 1.50925925926 111.296296296 0.00325493335524 0.00454266421117 1.58638836446 1.0 420.666666667 1.22 122.333333333
M896_060640 FUN_000213-T1 0.00318260969013 0.00352055352055 0.376111768312 6.81481481481 2159.47222222 2.26234567901 492.527777778 0.00161593491373 0.00242116402116 2.25070308009 3.72 2115.86666667 2.0 509.133333333
M896_060680 FUN_001502-T1 0.00748095804326 0.0127968949137 2.34803544243 4.95524691358 436.166666667 2.5 112.833333333 0.00132391671303 0.00203911776945 1.7428627829 0.0 428.666666667 0.98 105.333333333
M896_060690 FUN_002559-T1 0.00347171813564 0.00471620172617 1.1410228714 1.97067901235 740.37962963 2.16975308642 162.62037037 0.00130053628543 0.0019131714496 1.88888693079 0.5 1089.16666667 1.84 269.833333333
M896_060700 FUN_001470-T1 0.00177056448463 0.00225042537818 0.825609639875 0.677469135802 1109.87962963 2.3024691358 252.12037037 0.0030425222114 0.00394713962789 1.33136251082 3.22 1014.53333333 1.32 263.466666667
M896_060760 FUN_000410-T1 0.00267499592686 0.0028884839201 0.268849019471 1.42592592593 1465.30555556 3.63734567901 337.694444444 0.00138855237747 0.00175832398055 1.1279417239 0.68 1418.73333333 2.14 363.266666667
M896_060790 FUN_004313-T1 0.000675492668925 0.00115601796274 1.04743947344 0.0 289.092592593 0.401234567901 67.9074074074 0.00188525739935 0.00242962962963 0.931581857715 0.0 295.0 0.82 80.0
M896_060900 FUN_003113-T1 0.00222772178112 0.00256754279849 0.513863075312 2.24228395062 1758.77777778 3.40740740741 407.222222222 0.000786835308579 0.00113769863353 1.71202200363 1.84 1444.36666667 0.0 352.633333333
M896_060940 FUN_002657-T1 0.00582490055087 0.00628019323671 0.269377270413 0.737654320988 835.611111111 5.58179012346 199.388888889 0.00140830981027 0.00156411391471 0.398039380622 1.06 592.166666667 0.0 160.833333333
M896_070050 FUN_000076-T1 0.00199463095787 0.00141531109273 -0.884763119064 0.796296296296 987.833333333 0.867283950617 221.166666667 0.000889272358186 0.00083857442348 -0.183929414409 0.6 647.033333333 0.0 147.966666667
M896_070060 FUN_000541-T1 0.0036437633391 0.00274725274725 -0.762242874507 0.905864197531 579.462962963 1.24074074074 149.537037037 0.00233654422725 0.00270695624803 0.671469728684 0.66 832.1 1.92 226.9
M896_070070 FUN_004379-T1 0.00150955169206 0.00211391807636 0.980658377859 0.104938271605 514.759259259 1.20833333333 124.240740741 0.000566483593556 0.000569800569801 0.0149919947447 0.32 494.2 0.0 129.8
M896_070140 FUN_001048-T1 0.00268243473644 0.00330937961639 0.818313002515 1.63580246914 2178.08333333 7.04166666667 518.916666667 0.00150013247923 0.00185185185185 1.04986102185 1.64 2063.1 2.68 528.9
M896_070160 FUN_003980-T1 0.00214356340272 0.000493827160494 -1.49542861119 0.054012345679 181.675925926 0.054012345679 43.3240740741 0.0 0.0 None 0.0 173.0 0.0 40.0
M896_070180 FUN_001018-T1 0.00160233144722 0.00210409745293 0.855631697272 0.475308641975 735.203703704 1.37191358025 167.796296296 0.00133896122113 0.00157126823793 0.624222876474 0.48 634.133333333 0.64 157.866666667
M896_070230 FUN_000192-T1 0.00118211217062 0.00157173980703 0.640440177361 0.0 329.333333333 0.623456790123 78.6666666667 0.0036069975753 0.00566893424036 2.0567183502 1.5 232.0 0.0 62.0
M896_070240 FUN_000191-T1 0.000828697191774 0.0012218403971 0.698535095541 0.345679012346 237.851851852 0.0 53.1481481481 0.00406305473999 0.00638569604087 2.0567183502 1.5 205.833333333 0.0 55.1666666667
M896_070270 FUN_003391-T1 0.00262120524789 0.00292615596963 0.378117865543 1.00308641975 1113.66666667 2.92283950617 266.333333333 0.00180349878765 0.00249433106576 1.5846801558 2.64 927.366666667 0.0 248.633333333
M896_070340 FUN_002710-T1 0.00566361776677 0.00605882237526 0.233697506773 0.865740740741 655.638888889 4.3024691358 154.361111111 0.00208915935212 0.00270554242185 1.18305694268 1.14 669.666666667 0.92 176.333333333
M896_070380 FUN_003308-T1 0.00429773850546 0.00454816910262 0.193907300051 3.80401234568 817.425925926 1.2299382716 193.574074074 0.00107116897691 0.00112233445567 0.171855884771 0.32 783.866666667 0.68 206.133333333
M896_070420 FUN_002959-T1 0.00979292925101 0.00689173582575 -1.01704713321 1.51543209877 475.351851852 2.44444444444 115.648148148 0.00123380719853 0.00193911188676 1.84427289854 0.0 457.0 1.0 116.0
M896_070430 FUN_002215-T1 0.0019025710675 0.000644939106478 -1.61911654123 0.0810185185185 418.685185185 0.236882716049 88.3148148148 0.00270870315999 0.00280970625798 0.143162241034 0.5 421.0 0.82 101.0
M896_070450 FUN_001080-T1 0.0105069970089 0.0102113716327 -0.104641290537 17.3966049383 1972.26851852 6.71296296296 394.731481481 0.000658260265138 0.000703496792882 0.221711048181 0.68 866.433333333 0.0 207.566666667
M896_070510 FUN_004359-T1 0.00312445195626 0.00249219436499 -0.626914495528 0.641975308642 678.675925926 1.41512345679 170.324074074 0.00420816383785 0.00544973544974 1.30773421024 1.7 662.4 2.42 177.6
M896_070520 FUN_001085-T1 0.00300009984534 0.00246276235613 -0.60657742445 1.85648148148 1369.42592593 2.47530864198 319.574074074 0.00169711957246 0.00227099527511 1.43225638737 1.74 1165.1 1.24 292.9
M896_070570 FUN_001033-T1 0.00382779179057 0.0047504523695 0.746761241784 0.976851851852 558.472222222 2.2237654321 134.527777778 0.000558429324453 0.000315955766193 -1.11173317656 0.18 499.333333333 0.0 133.666666667
M896_070580 FUN_001032-T1 0.00334112877564 0.00364548970906 0.301007796709 1.28086419753 986.231481481 3.06790123457 240.768518519 0.000720664143484 0.000724883905312 0.018890816886 0.64 774.8 0.0 206.2
M896_080020 FUN_003725-T1 0.00375332113317 0.00477631606036 0.85671723469 2.27314814815 627.87962963 1.30709876543 143.12037037 0.00196380979099 0.00240740740741 0.867251362232 1.14 568.8 0.42 151.2
M896_080060 FUN_003756-T1 0.00423071724221 0.00427921655992 0.0360330791952 0.331790123457 553.648148148 2.51388888889 130.351851852 0.00165955756985 0.00246913580247 1.75514035573 1.42 509.5 0.0 129.5
M896_080090 FUN_002988-T1 0.00818428410471 0.00829355683341 0.047923724923 7.42438271605 1018.74074074 3.41358024691 250.259259259 0.00201072674846 0.00295790671217 1.88888693079 0.92 696.133333333 1.42 182.866666667
M896_080100 FUN_003717-T1 0.00534520285845 0.00777818373726 1.57433571959 4.47222222222 943.666666667 4.39814814815 229.333333333 0.0 0.0 None 0.0 926.333333333 0.0 234.666666667
M896_080170 FUN_003381-T1 0.00262691593471 0.0023351315835 -0.374174294501 1.44444444444 1508.25925926 2.7237654321 327.740740741 0.00194490103097 0.0024963064853 1.28054886463 1.82 1783.8 3.08 397.2
M896_080180 FUN_001168-T1 0.00359926690755 0.00384133753004 0.216460355962 1.71450617284 764.101851852 2.21450617284 174.898148148 0.00307761235902 0.00400773908237 1.28009905563 2.08 633.966666667 0.82 170.033333333
M896_080190 FUN_003657-T1 0.00382779179057 0.00172103029246 -1.75192979861 1.10030864198 660.685185185 0.270061728395 158.314814815 0.00242445653209 0.0032616979119 1.38472265357 1.14 591.2 1.0 137.8
M896_080200 FUN_003661-T1 0.00397501455175 0.00359759288331 -0.315962007827 1.19598765432 872.787037037 2.62345679012 219.212962963 0.00273225710051 0.00360708534622 1.38139781707 2.18 804.733333333 1.18 230.266666667
M896_080210 FUN_002021-T1 0.0065663957197 0.00835899596962 1.00769313721 16.1666666667 2359.28703704 8.6049382716 580.712962963 0.0014501979995 0.00194871794872 1.4831079823 3.0 1556.93333333 0.42 393.066666667
M896_080230 FUN_003653-T1 0.00328096439192 0.00326098693446 -0.0166370638666 0.549382716049 345.314814815 0.848765432099 95.6851851852 0.00129481964241 0.00192646859314 1.75514035573 1.42 649.633333333 0.0 169.366666667
M896_080240 FUN_004048-T1 0.00552903258638 0.00684891240447 0.825673001735 3.39814814815 912.990740741 4.15277777778 221.009259259 0.00152528915805 0.00201366414959 1.22929592283 1.68 743.366666667 0.0 183.633333333
M896_080250 FUN_003468-T1 0.00346979687491 0.00460692670354 1.17467547794 8.39969135802 2393.0462963 4.67438271605 525.953703704 0.000839234953416 0.00116070486441 1.53597193673 1.88 1699.26666667 0.32 406.733333333
M896_080280 FUN_003652-T1 0.00231557774985 0.00206632264245 -0.304956812977 1.03395061728 585.018518519 0.430555555556 143.981481481 0.00165180262794 0.0018345448252 0.398039380622 0.32 522.666666667 0.74 119.333333333
M896_080320 FUN_003647-T1 0.00153879323577 0.00230209373327 1.40529958799 0.0 896.666666667 2.77777777778 201.333333333 0.000879317816863 0.000939745715865 0.221711048181 0.68 647.066666667 0.0 156.933333333
M896_080350 FUN_003640-T1 0.0046329479948 0.00550160294003 0.668966137689 5.51851851852 1658.76851852 5.58487654321 372.231481481 0.000511186930411 0.000658793283522 0.931581857715 0.5 1101.0 0.32 282.0
M896_080390 FUN_003627-T1 0.00128613804163 0.0013671957672 0.122460022055 0.0 309.0 0.498456790123 66.0 0.00105204095946 0.00165343915344 1.46363864356 0.5 268.0 0.0 68.0
M896_080400 FUN_003624-T1 0.00128357089983 0.00227164718183 2.24494410095 3.31944444444 1201.55555556 0.0 301.444444444 0.00377051479871 0.00400987654321 0.286732351237 3.7 907.933333333 0.36 217.066666667
M896_080410 FUN_004305-T1 0.00293760765323 0.00435848758108 1.64613761197 2.70833333333 1437.69444444 4.94444444444 368.305555556 0.00135176199763 0.0016712697401 0.977835965497 1.94 1253.53333333 0.42 315.466666667
M896_080420 FUN_003623-T1 0.0023995112717 0.00294822185369 0.624825186592 0.0 478.037037037 1.72839506173 124.962962963 0.001386218676 0.00161220043573 0.525941395125 0.74 405.566666667 0.0 104.433333333
M896_080530 FUN_003771-T1 0.00466906471158 0.00360070768234 -0.813581712402 3.28858024691 1565.05555556 3.4012345679 345.944444444 0.000741060298489 0.00110257007532 1.75514035573 0.92 1142.66666667 0.5 288.333333333
M896_080580 FUN_001375-T1 0.00278557125354 0.0032950914139 0.518203978144 1.04166666667 504.259259259 0.899691358025 101.740740741 0.00380092217612 0.00454002389486 0.804451911126 2.28 442.133333333 0.0 115.866666667
M896_080600 FUN_000833-T1 0.00341251249254 0.00267295597484 -0.647213698762 0.257716049383 525.333333333 1.3950617284 110.666666667 0.00231036445999 0.00232389251997 0.0224807208339 1.28 498.666666667 0.0 113.333333333
M896_080680 FUN_002247-T1 0.00285627103154 0.00279053527784 -0.0652012427475 0.529320987654 478.296296296 1.07407407407 112.703703704 0.000722874769691 0.000727107475574 0.0149919947447 0.32 397.8 0.0 91.2
M896_080750 FUN_002209-T1 0.00374603313097 0.00409205321827 0.317107643017 2.25 1252.75925926 3.89660493827 292.240740741 0.00107116897691 0.000841750841751 -0.822289920564 1.0 1043.76666667 0.0 276.233333333
M896_080760 FUN_003824-T1 0.00470210634998 0.00598443648583 0.977505711118 1.10802469136 1738.37962963 11.424382716 415.62037037 0.00222318089547 0.00233602875112 0.214997733472 2.02 878.433333333 0.32 234.566666667
M896_080890 FUN_003013-T1 0.00317303793166 0.00278241901049 -0.367644941092 0.975308641975 544.333333333 0.875 139.666666667 0.00123380719853 0.00178398293582 1.43863243595 0.5 455.666666667 0.42 117.333333333
M896_080900 FUN_003912-T1 0.0019786739102 0.00170614570615 -0.401672543541 0.0 778.796296296 1.61728395062 196.203703704 0.00296424119395 0.00389005357559 1.34749442866 1.34 757.433333333 2.0 196.566666667
M896_080910 FUN_003409-T1 0.0101296441287 0.0126123800921 0.860364961871 5.81327160494 585.064814815 3.23611111111 152.935185185 0.00122738111937 0.000694444444444 -1.11173317656 0.18 235.933333333 0.0 52.0666666667
M896_080920 FUN_002419-T1 0.00331478876709 0.00597283586974 1.96413912244 0.345679012346 231.592592593 1.34413580247 59.4074074074 0.00392761958199 0.00518518518519 1.15198436679 1.26 214.9 0.0 55.1
M896_080990 FUN_001371-T1 0.00197989230547 0.00253863997706 0.73597289551 0.0 488.0 1.50308641975 121.0 0.00199709470271 0.00207156308851 0.143162241034 0.36 562.333333333 0.96 145.666666667
M896_081020 FUN_003379-T1 0.00332813179261 0.00471170258404 1.42717714279 6.76080246914 1417.87962963 1.81635802469 322.12037037 0.00283241796778 0.00295584045584 0.193142259305 1.54 977.4 1.78 270.6
M896_081060 FUN_001396-T1 0.00248609157532 0.0020427644139 -0.560514647278 2.00617283951 937.064814815 0.305555555556 226.935185185 0.00137009985418 0.00204995693368 1.98971978623 0.42 1029.5 1.96 260.5
M896_081120 FUN_001662-T1 0.00592508311563 0.00691470691471 0.508799679837 1.91820987654 328.611111111 1.32561728395 79.3888888889 0.00112217702343 0.00176366843034 1.46363864356 0.0 252.0 0.5 63.0
M896_081190 FUN_004698-T1 0.00500659272262 0.0054875109085 0.348993406245 7.88811728395 2107.23148148 5.98842592593 493.768518519 0.00139089394978 0.00177378052589 1.16598105683 2.84 1429.8 0.0 349.2
M896_081200 FUN_004694-T1 0.00511532175649 0.00452621452621 -0.32626841922 1.29320987654 262.092592593 0.158950617284 67.9074074074 0.00102459641269 0.0010305958132 0.0149919947447 0.32 275.0 0.0 70.0
M896_081230 FUN_004707-T1 0.00393073973604 0.00434017671181 0.350889925047 1.10648148148 986.555555556 4.07098765432 240.444444444 0.00037887005614 0.00021436227224 -1.11173317656 0.0 739.333333333 0.18 193.666666667
M896_081270 FUN_003651-T1 0.00207632986426 0.00304964954411 1.32804501536 0.5 655.666666667 1.91049382716 157.333333333 0.00318455641783 0.0040326040326 1.1279417239 2.08 627.866666667 0.74 149.133333333
M896_081280 FUN_001834-T1 0.00111643927225 0.000378453850676 -1.28439965902 0.054012345679 349.333333333 0.104938271605 82.6666666667 0.0 0.0 None 0.0 318.666666667 0.0 77.3333333333
M896_081320 FUN_004728-T1 0.000493151089583 0.000321355536079 -0.512938438813 0.0 374.0 0.152777777778 115.0 0.00076512069779 0.0010101010101 0.819795688532 0.0 353.333333333 0.42 108.666666667
M896_081370 FUN_004750-T1 0.0023995112717 0.0025033562347 0.126211102685 0.637345679012 646.907407407 1.31944444444 157.092592593 0.00127612188584 0.00136381869234 0.247250383388 0.6 677.3 0.42 153.7
M896_081380 FUN_004780-T1 0.00813425437684 0.00923259746789 0.498823320295 15.3410493827 1989.75 7.45524691358 443.25 0.00128273734404 0.00135936869996 0.253037066406 1.88 1559.7 0.48 369.3
M896_081460 FUN_004797-T1 0.00228362578415 0.00228926166426 0.00751809749841 1.22839506173 864.333333333 1.12191358025 191.666666667 0.0042333624237 0.00567753382125 1.41129610143 1.06 397.333333333 1.5 103.666666667
M896_081580 FUN_004819-T1 0.00236422434124 0.0025754746343 0.272194772973 0.887345679012 821.944444444 1.66666666667 198.055555556 0.00185849507034 0.00252365930599 1.43513908129 1.66 751.333333333 0.5 199.666666667
M896_081620 FUN_003395-T1 0.00488159681794 0.00335132703554 -0.954942540592 1.48456790123 405.37962963 0.577160493827 89.6203703704 0.000847687679566 0.00133226751932 1.46363864356 0.5 330.833333333 0.0 86.1666666667
M896_081670 FUN_004839-T1 0.00318185192591 0.00389936067019 0.803211897204 4.125 2352.96296296 6.79320987654 527.037037037 0.00170560078349 0.00208193718447 0.996601289377 3.16 2015.2 1.5 471.8
M896_090020 FUN_000998-T1 0.00044410843979 0.00045309713818 0.029801704578 0.0 448.0 0.239197530864 95.0 0.0 0.0 None 0.0 397.0 0.0 92.0
M896_090100 FUN_000416-T1 0.0028504832483 0.00295320649931 0.0939805374596 0.0 346.37037037 1.21450617284 76.6296296296 0.0 0.0 None 0.0 287.333333333 0.0 75.6666666667
M896_090120 FUN_004334-T1 0.00393486288961 0.00647870647871 2.25063430675 4.97530864198 1392.62037037 5.83333333333 323.37962963 0.00081074716142 0.000985389058784 0.775011873709 1.16 1033.03333333 0.0 274.966666667
M896_090130 FUN_000491-T1 0.00213948818713 0.00310217876758 1.27476599976 2.22685185185 642.777777778 0.152777777778 146.222222222 0.00142534581604 0.00170250896057 0.699617375091 0.96 595.266666667 0.18 148.733333333
M896_090140 FUN_003386-T1 0.00770403664179 0.00762364017337 -0.0378803437744 8.44830246914 1361.28703704 3.84799382716 297.712962963 0.00186045138094 0.00206627680312 0.457683802383 2.12 918.433333333 0.0 221.566666667
M896_090220 FUN_004462-T1 0.0025826065093 0.00185291430271 -0.926331962529 1.125 1223.73148148 1.56635802469 270.268518519 0.000918144837348 0.00103896103896 0.47343387924 0.42 922.433333333 0.66 232.566666667
M896_090230 FUN_001964-T1 0.000412223731293 0.000876407543074 1.65802213475 0.498456790123 454.0 0.0 131.0 0.00119622931431 0.000676818950931 -1.40085080218 0.36 465.666666667 0.0 125.333333333
M896_090260 FUN_003167-T1 0.00406193862883 0.00398232579084 -0.0656410867403 1.6512345679 914.574074074 2.71604938272 213.425925926 0.00197698972248 0.00280884911757 1.6872212199 0.84 711.0 1.42 183.0
M896_090290 FUN_003869-T1 0.00496410267965 0.00665015735438 1.13751442285 3.30864197531 754.805555556 2.81481481481 169.194444444 0.00266064552328 0.00387096774194 1.92676771552 0.96 749.533333333 2.28 180.466666667
M896_090300 FUN_003157-T1 0.00495254577643 0.00594423129968 0.692577407449 1.75771604938 1034.02777778 5.55864197531 231.972222222 0.00169131943722 0.00166578061315 -0.0624683607312 1.28 1009.96666667 0.6 244.033333333
M896_090360 FUN_000071-T1 0.00766198457076 0.00619613880483 -0.696843642741 6.01543209877 1448.87037037 4.79166666667 345.12962963 0.000911633171835 0.000959954151444 0.203503001134 0.18 1223.03333333 1.16 327.966666667
M896_090370 FUN_003133-T1 0.00236422434124 0.00200357920946 -0.373642975341 0.054012345679 319.648148148 0.740740740741 88.3518518519 0.0 0.0 None 0.0 300.333333333 0.0 83.6666666667
M896_090410 FUN_000957-T1 0.00192920706245 0.00139682539683 -0.617982963607 0.45524691358 306.351851852 0.054012345679 68.6481481481 0.00242945541154 0.00190912562047 -0.690979992648 0.5 233.066666667 0.0 57.9333333333
M896_090430 FUN_003396-T1 0.000980288141488 0.000638792102207 -0.676892069467 0.0 390.0 0.305555555556 102.0 0.00441857202974 0.00462962962963 0.197607720826 0.98 377.766666667 1.02 102.233333333
M896_090440 FUN_002872-T1 0.00565512958004 0.00612054983914 0.264882372512 1.14351851852 482.666666667 2.40895061728 114.333333333 0.000574773597364 0.000903342366757 1.46363864356 0.5 487.666666667 0.0 127.333333333
M896_090570 FUN_004181-T1 0.00299101870147 0.00284114679464 -0.164280602622 1.67438271605 1056.75925926 1.88888888889 233.240740741 0.00224629889438 0.00283715257719 1.17781624411 2.78 1408.6 1.64 322.4
M896_090580 FUN_004161-T1 0.00340248159162 0.00402844265278 0.53652066407 1.29012345679 454.037037037 0.930555555556 112.962962963 0.00250699122255 0.00295508274232 0.686229081932 0.18 444.2 1.32 119.8
M896_090590 FUN_004157-T1 0.00518232556174 0.00522657327815 0.0307272963889 3.71913580247 1699.66666667 6.9212962963 394.333333333 0.00160968015655 0.00218579234973 1.58638219798 2.22 1751.7 2.1 444.3
M896_090640 FUN_004175-T1 0.00539487433571 0.0073328361919 1.21010211182 2.21450617284 725.009259259 4.15895061728 168.990740741 0.00129481964241 0.000732600732601 -1.56221758343 0.54 648.966666667 0.0 170.033333333
M896_090680 FUN_004515-T1 0.00414348595887 0.00482372406771 0.533572757831 2.375 708.675925926 1.71913580247 164.324074074 0.000411988068041 0.000647500647501 1.46363864356 0.5 675.0 0.0 183.0
M896_090720 FUN_004124-T1 0.00328096439192 0.00405463772811 0.68768734458 0.0 473.0 2.31790123457 115.0 0.000610510815853 0.000614085588179 0.0149919947447 0.32 465.4 0.0 113.6
M896_090740 FUN_002584-T1 0.00610508564066 0.00705762637163 0.582881341444 23.9899691358 3962.07407407 10.1257716049 936.925925926 0.00251770486025 0.00314445499631 1.14660782748 4.38 1696.7 1.58 409.3
M896_090750 FUN_004135-T1 0.00261410171064 0.0028605841614 0.230955843052 0.597222222222 292.555555556 0.429012345679 76.4444444444 0.0030212458323 0.00436847103514 1.6043513585 1.38 276.333333333 0.0 74.6666666667
M896_090770 FUN_004138-T1 0.00645939864659 0.00603032879819 -0.221046003019 1.93364197531 541.25 2.00617283951 130.75 0.00260682715619 0.00311373320223 0.779725520902 1.84 550.1 0.06 127.9
M896_090860 FUN_004112-T1 0.00435411316178 0.00607804232804 1.26028665836 2.59722222222 576.601851852 1.65740740741 143.398148148 0.00267792244227 0.00319865319865 0.779725520902 1.26 523.1 0.64 136.9
M896_090890 FUN_004104-T1 0.00346752903381 0.0035522357091 0.0756807871187 1.58950617284 626.287037037 1.0524691358 138.712962963 0.000879317816863 0.00069098949696 -0.690979992648 0.18 632.333333333 0.32 171.666666667
M896_090910 FUN_002393-T1 0.00217253047573 0.00208208208208 -0.108573201177 0.054012345679 453.638888889 1.06944444444 101.361111111 0.0 0.0 None 0.0 710.333333333 0.0 174.666666667
M896_091020 FUN_004079-T1 0.00225374656828 0.00368886910943 1.42598895803 0.498456790123 265.333333333 0.652777777778 55.6666666667 0.0033347713432 0.0037037037037 0.398039380622 0.32 251.933333333 0.74 66.0666666667
M896_091150 FUN_004068-T1 0.00218730959461 0.00188064643847 -0.408870956899 0.296296296296 697.981481481 1.31635802469 184.018518519 0.000426915171955 0.000429414922169 0.0149919947447 0.32 663.866666667 0.0 164.133333333
M896_091200 FUN_000452-T1 0.00134533267953 0.00154081158265 0.35590626552 0.475308641975 582.111111111 0.598765432099 134.888888889 0.00216199243045 0.00268433571186 0.927592122332 1.08 532.533333333 0.5 121.466666667
M896_091230 FUN_002245-T1 0.00227500832836 0.00220624937606 -0.0676828308586 0.628086419753 263.694444444 0.054012345679 54.3055555556 0.00112217702343 0.00169312169312 1.3026779048 0.0 253.333333333 0.48 61.6666666667
M896_091280 FUN_001076-T1 0.00248769447124 0.00323805430188 0.988912163255 2.97608024691 1245.73148148 1.90663580247 305.268518519 0.00202570637466 0.0027592061976 1.49798812861 2.1 828.4 0.5 218.6
M896_091320 FUN_004412-T1 0.00263073690334 0.00304088504089 0.51881208574 0.498456790123 1274.7037037 4.37962962963 375.296296296 0.00105581171559 0.00122129297757 0.628476237735 0.42 1305.86666667 1.42 368.133333333
M896_091350 FUN_001170-T1 0.00138251939365 0.000560300560301 -1.68488331719 0.401234567901 973.694444444 0.263888888889 247.305555556 0.00145827459727 0.00214521452145 1.88888693079 0.92 962.0 1.42 250.0
M896_091390 FUN_003991-T1 0.00701857046973 0.0107486377636 1.8961918072 8.14043209877 1083.25 6.51543209877 257.75 0.000505702092102 0.000794786202512 1.46363864356 0.5 561.166666667 0.0 137.833333333
M896_091420 FUN_003970-T1 0.00582934703984 0.00589280665617 0.036458898644 1.6975308642 622.657407407 2.80555555556 163.342592593 0.00140272127928 0.00126396237507 -0.35590560555 0.86 611.4 0.0 144.6
M896_091500 FUN_004078-T1 0.00141023908074 0.00187660509298 0.903591491699 0.5 847.333333333 1.37191358025 178.666666667 0.00215540099012 0.00289069557362 1.41129610143 1.64 796.933333333 0.92 187.066666667
M896_091580 FUN_004345-T1 0.00247879027848 0.00254294571475 0.0733241978295 1.02314814815 559.407407407 0.66049382716 121.592592593 0.00210408191892 0.00257936507937 0.867251362232 1.38 537.7 0.18 134.3
M896_091650 FUN_003716-T1 0.00321534510408 0.00566931216931 2.22574833199 0.0 477.444444444 3.30709876543 122.555555556 0.001732773345 0.00257806826434 1.75514035573 0.42 491.666666667 1.0 120.333333333
M896_091660 FUN_003265-T1 0.00257456458512 0.00311999849366 0.632687019945 1.47839506173 671.564814815 1.0787037037 171.435185185 0.00191591199121 0.00213791026799 0.444866041533 0.92 588.0 0.5 150.0
M896_091700 FUN_004571-T1 0.00209090360815 0.00105973025048 -1.47281518626 0.757716049383 842.87037037 0.311728395062 195.12962963 0.00174302644171 0.0022792022792 1.2334733704 0.68 811.933333333 1.4 202.066666667
M896_091710 FUN_004570-T1 0.000929290492509 0.000657552680674 -0.56818018502 0.0 414.666666667 0.331790123457 104.333333333 0.00346554668999 0.00400871459695 0.628476237735 0.5 396.5 1.34 113.5
M896_091730 FUN_004566-T1 0.0020461287026 0.00192977392977 -0.161103470839 0.938271604938 663.555555556 0.609567901235 161.444444444 0.0015236455275 0.0022349936143 1.67974585712 1.4 571.1 0.0 124.9
M896_091740 FUN_004567-T1 0.000418664727094 0.000352733686067 -0.231876578842 0.197530864198 477.407407407 0.0 98.5925925926 0.00129481964241 0.0019536019536 1.64145266725 0.96 438.533333333 0.0 107.466666667
M896_091760 FUN_004558-T1 0.00195623872483 0.00117642927377 -1.23496529423 0.655864197531 1087.55555556 0.895061728395 268.444444444 0.00113569722853 0.000856760374833 -0.942971440764 0.96 1002.43333333 0.0 242.566666667
M896_091790 FUN_004547-T1 0.00372290054506 0.00367695257699 -0.0441058529117 5.15740740741 2113.05555556 4.65432098765 478.944444444 0.00119709740525 0.00125786163522 0.214997733472 1.74 1669.9 0.6 397.1
M896_091860 FUN_004535-T1 0.00225374656828 0.0026435246996 0.526845816801 1.02932098765 853.962962963 1.82716049383 217.037037037 0.000687047157199 0.000799049778642 0.525941395125 0.74 814.666666667 0.0 214.333333333
M896_100030 FUN_001946-T1 0.0113548900529 0.00993228993229 -0.46570748132 14.1844135802 1760.62962963 6.52854938272 384.37037037 0.00256947075457 0.00387677397023 2.15500371312 2.88 774.066666667 0.48 188.933333333
M896_100070 FUN_004703-T1 0.00411052641147 0.00511964886965 0.733157042233 0.399691358025 432.990740741 2.22839506173 95.0092592593 0.00406305473999 0.00604512558536 1.75514035573 1.0 211.666666667 0.42 49.3333333333
M896_100130 FUN_003575-T1 0.00203789478428 0.00263059840525 0.868573159229 0.997685185185 863.314814815 1.72608024691 201.685185185 0.00268810465687 0.00388677651035 1.84475623735 1.32 631.533333333 1.44 157.466666667
M896_100190 FUN_003577-T1 0.00255186119372 0.00319307970102 0.765455849994 0.689814814815 737.268518519 2.24382716049 207.731481481 0.00185265074622 0.00186349871884 0.0234791050691 0.36 741.7 1.24 212.3
M896_100220 FUN_004504-T1 0.0048304491163 0.00462127326534 -0.149777603754 4.13580246914 1046.73148148 1.98148148148 252.268518519 0.00305687373127 0.00448986722572 2.0990938444 2.98 1003.26666667 2.16 268.733333333
M896_100230 FUN_001301-T1 0.00324314347674 0.00473445862495 1.47997235031 1.52932098765 834.851851852 3.26234567901 206.148148148 0.00368214335811 0.00504115226337 1.61611976033 1.92 685.466666667 2.0 178.533333333
M896_100250 FUN_000576-T1 0.00453291133094 0.00361220511596 -0.660149671938 2.64351851852 642.953703704 0.158950617284 155.046296296 0.0 0.0 None 0.0 457.666666667 0.0 112.333333333
M896_100270 FUN_002796-T1 0.0028606273168 0.00406145850986 1.27876819031 1.30555555556 671.231481481 2.02314814815 171.768518519 0.00132391671303 0.00152587043973 0.548828377857 0.42 629.666666667 0.68 171.333333333
M896_100280 FUN_004146-T1 0.00462383698596 0.00636793557148 1.20065476488 2.24537037037 542.944444444 1.95216049383 135.055555556 0.0022768809171 0.00254070495616 0.444866041533 0.68 480.733333333 0.74 140.266666667
M896_100290 FUN_003482-T1 0.00217253047573 0.00155393488727 -0.637636539777 0.0 277.333333333 0.503086419753 55.6666666667 0.00111159044773 0.001607267645 1.43863243595 0.92 502.2 0.0 133.8
M896_100320 FUN_001079-T1 0.00475790942193 0.00697885246172 1.56331777098 3.62962962963 784.537037037 2.90432098765 178.462962963 0.00169537535913 0.00167865707434 -0.0378600392659 0.36 667.133333333 0.9 166.866666667
M896_100430 FUN_003527-T1 0.0013314058402 0.00150733401251 0.38535398356 1.02160493827 1170.82407407 1.10185185185 278.175925926 0.00339563652622 0.00497384993062 2.06008377712 2.16 804.033333333 2.5 236.966666667
M896_100440 FUN_004362-T1 0.00363022834332 0.00353302611367 -0.0758570458688 0.356481481481 373.666666667 1.24074074074 91.3333333333 0.00310075230157 0.00384990253411 0.927592122332 0.6 355.7 0.98 100.3
M896_100560 FUN_002880-T1 0.00331478876709 0.003411880216 0.0854200936585 0.763888888889 473.583333333 1.16666666667 108.416666667 0.0 0.0 None 0.0 368.666666667 0.0 87.3333333333
M896_100570 FUN_001148-T1 0.00440458233436 0.00447923461622 0.0494280268703 1.23302469136 360.712962963 0.674382716049 77.287037037 0.0 0.0 None 0.0 332.666666667 0.0 87.3333333333
M896_100600 FUN_003340-T1 0.00221747938213 0.00255610290093 0.44534076154 0.720679012346 686.944444444 1.44135802469 183.055555556 0.000478977997804 0.00063233965673 0.819795688532 0.42 597.333333333 0.0 140.666666667
M896_110010 FUN_003492-T1 0.0066986356335 0.00610355253212 -0.25167779737 0.942901234568 207.583333333 0.552469135802 44.4166666667 0.0 0.0 None 0.0 199.0 0.0 41.0
M896_110020 FUN_002307-T1 0.00146484970573 0.00180786057779 0.682888402342 0.739197530864 1084.21296296 1.57561728395 232.787037037 0.00361622263303 0.00443307757886 1.02026358732 4.26 947.3 0.42 225.7
M896_110120 FUN_000515-T1 0.00457943090581 0.00552252685586 0.742932914424 6.29475308642 2011.38888889 8.37962962963 466.611111111 0.0013637567993 0.00144032921811 0.225144815958 1.68 1054.23333333 0.0 241.766666667
M896_110130 FUN_003493-T1 0.00300499542438 0.00463581071058 1.58269007205 0.45524691358 517.5 2.43827160494 124.5 0.00189029819454 0.00229748465043 0.775011873709 1.16 450.666666667 0.0 110.333333333
M896_110160 FUN_001083-T1 0.00251198836256 0.00223214285714 -0.350171229273 0.655864197531 922.009259259 1.84413580247 229.990740741 0.00157947168177 0.00206533611359 1.2334733704 1.9 904.1 0.18 214.9
M896_110170 FUN_003206-T1 0.00562779189746 0.00366172139801 -1.17684477608 1.55401234568 698.435185185 1.65277777778 159.564814815 0.0 0.0 None 0.0 578.333333333 0.0 153.666666667
M896_110210 FUN_003067-T1 0.00435125049698 0.00408357075024 -0.206028566644 1.29320987654 841.842592593 2.88734567901 211.157407407 0.001218916422 0.00168582375479 1.37816786265 1.32 699.366666667 0.0 170.633333333
M896_110250 FUN_004139-T1 0.00318351000404 0.002776468123 -0.313183093501 0.399691358025 248.666666667 0.418209876543 54.3333333333 0.00626747805637 0.00630417651694 0.0234791050691 0.64 223.333333333 0.96 58.6666666667
M896_110260 FUN_004618-T1 0.00377435814883 0.00480353449897 0.969530217143 3.9737654321 1947.86111111 7.06635802469 416.138888889 0.00214834731694 0.00204664692743 -0.215412900442 2.48 1730.23333333 1.46 408.766666667
M896_110270 FUN_003433-T1 0.00776767118848 0.00810848497525 0.149323744282 1.35339506173 550.342592593 4.18672839506 133.657407407 0.00076512069779 0.0010101010101 0.819795688532 0.0 366.666666667 0.42 95.3333333333
M896_110280 FUN_003431-T1 0.00256202797138 0.00312190391872 0.637298451077 0.657407407407 602.925925926 1.62808641975 150.074074074 0.00206716820105 0.00207927225471 0.022480720834 0.78 546.4 0.5 137.6
M896_110330 FUN_000901-T1 0.00451593413495 0.00280601628916 -1.27551559495 1.34567901235 875.296296296 1.56790123457 192.703703704 0.000927784153226 0.000991542723826 0.221711048181 0.5 616.333333333 0.18 145.666666667
M896_110350 FUN_003411-T1 0.0027678723995 0.00203517721452 -0.908770634082 2.1712962963 1667.51851852 1.96604938272 423.481481481 0.001604102057 0.001833516685 0.640404310607 4.0 1921.96666667 0.0 502.033333333
M896_110360 FUN_003418-T1 0.00505358758991 0.00581490836894 0.530122529972 5.97685185185 1251.57407407 2.65586419753 275.425925926 0.00093762801692 0.000805580115925 -0.506694602784 0.82 906.466666667 0.0 224.533333333
M896_110410 FUN_003405-T1 0.00502397672513 0.00457175925926 -0.282930300567 0.841049382716 451.814814815 1.71913580247 124.185185185 0.000693109337998 0.00104575163399 1.3026779048 0.48 405.666666667 0.0 104.333333333
M896_110460 FUN_003378-T1 0.00185026252792 0.00284577599156 1.60680940995 0.845679012346 928.111111111 2.39969135802 244.888888889 0.00148212059698 0.0022594921966 2.01372580413 1.94 765.2 0.0 188.8
M896_120010 FUN_002699-T1 0.00334931781675 0.00522171831696 1.58378429028 1.58024691358 409.481481481 0.978395061728 94.5185185185 0.0 0.0 None 0.0 384.0 0.0 105.0
M896_120020 FUN_002556-T1 0.0023995112717 0.00244149622259 0.0549984693432 0.104938271605 963.018518519 2.75771604938 242.981481481 0.000290218195713 0.000291917533297 0.0149919947447 0.0 971.666666667 0.32 246.333333333
M896_120130 FUN_002522-T1 0.00481169601843 0.00568969371786 0.644990988149 4.00771604938 1386.14814815 5.41820987654 317.851851852 0.00116661967782 0.0016868353502 1.84475623735 0.42 1443.03333333 2.34 374.966666667
M896_120150 FUN_002534-T1 0.0064866534932 0.00234076753064 -2.11192604068 1.59259259259 510.148148148 0.368827160494 122.851851852 0.00396062478856 0.00522875816993 1.38139781707 2.52 558.566666667 0.84 155.433333333
M896_120160 FUN_002515-T1 0.00306807738939 0.00402681853064 0.814934522436 1.19290123457 326.277777778 0.345679012346 66.7222222222 0.00213264411692 0.00281548516843 1.22929592283 1.26 527.466666667 0.42 135.533333333
M896_120220 FUN_002649-T1 0.00244512935672 0.00259420202386 0.199885533971 1.15586419753 1278.93518519 2.82407407407 299.064814815 0.00076512069779 0.000745550745551 -0.0982007993658 0.82 1472.66666667 0.42 375.333333333
M896_120240 FUN_003261-T1 0.00152627141017 0.00193557029 0.600538758908 0.0 387.333333333 0.891975308642 86.6666666667 0.000785523916398 0.000444444444444 -1.11173317656 0.0 347.333333333 0.18 102.666666667
M896_120260 FUN_002317-T1 0.004465757089 0.00599647266314 1.0619095216 1.85956790123 474.805555556 1.60339506173 119.194444444 0.00165955756985 0.00170405146931 0.0964613861534 0.98 512.066666667 0.0 126.933333333
M896_120270 FUN_002449-T1 0.00123878878154 0.000615169964485 -1.50339301913 0.108024691358 1382.27777778 0.939814814815 369.722222222 0.0020141638882 0.00246913580247 1.00122142373 1.21 1395.53333333 2.69 359.466666667
M896_120300 FUN_000950-T1 0.0043297972713 0.00565654312727 1.04757186179 3.64197530864 1054.0 3.40277777778 227.0 0.00258648118814 0.00363143631436 1.76905056933 2.52 985.5 1.5 244.5
M896_120400 FUN_000649-T1 0.00437461918923 0.00551326350646 0.915917180289 1.91666666667 1394.49074074 7.53858024691 369.509259259 0.00224863716526 0.0031241164829 1.72570619184 3.32 1266.96666667 1.1 305.033333333
M896_120410 FUN_000651-T1 0.0047811823109 0.00408135166499 -0.479891254336 1.17901234568 652.388888889 2.02314814815 154.611111111 0.00159227820891 0.00196863530197 0.850406372326 1.0 536.666666667 0.18 129.333333333
M896_120420 FUN_000650-T1 0.0071452113424 0.00623554771703 -0.400170894209 0.87037037037 322.453703704 1.58487654321 82.5462962963 0.0049507809857 0.00591347650171 0.779725520902 1.16 285.366666667 0.74 71.6333333333
M896_120470 FUN_002672-T1 0.0023995112717 0.00371949774935 1.67578320352 1.19444444444 810.462962963 2.43981481481 194.537037037 0.00248933635478 0.00341679707877 1.5413341422 1.32 685.8 1.3 166.2
M896_120500 FUN_000615-T1 0.0010646838093 0.00119836013876 0.307538360048 0.104938271605 741.685185185 0.950617283951 164.314814815 0.00270870315999 0.00334894281254 0.977835965497 1.18 630.233333333 1.18 152.766666667
M896_120520 FUN_001597-T1 0.00158651896583 0.00147243107769 -0.161037317664 0.0 365.333333333 0.652777777778 90.6666666667 0.00400777508366 0.00604686318972 2.04013621396 1.9 352.0 0.5 89.0
M896_120580 FUN_004505-T1 0.00524241049579 0.00604357685103 0.51756689289 3.80401234568 803.75 1.87191358025 162.25 0.000400777508366 0.000629881582263 1.46363864356 0.5 702.166666667 0.0 179.833333333
M896_120590 FUN_000670-T1 0.0013397271267 0.000308641975309 -1.49542861119 0.054012345679 285.0 0.054012345679 75.0 0.00206716820105 0.00220922677063 0.221711048181 0.18 268.433333333 0.5 73.5666666667
M896_120720 FUN_000658-T1 0.00203737304982 0.00191524638529 -0.185706903787 0.875 1042.0 1.54938271605 260.0 0.00214233795381 0.00240927796483 0.545604097337 0.92 1190.5 2.3 294.5
M896_120750 FUN_000669-T1 0.00506619501694 0.00605042016807 0.669532009437 2.33641975309 951.518518519 5.13888888889 239.481481481 0.00218876633052 0.00321064098154 1.93144826454 1.5 765.666666667 1.3 203.333333333
M896_120780 FUN_002837-T1 0.00286155308616 0.00334811618523 0.599719451225 5.08024691358 2265.58333333 3.97222222222 515.416666667 0.00221091168523 0.00303327610171 1.72956806682 3.68 2144.86666667 3.74 573.133333333
M896_120800 FUN_000587-T1 0.00351678370759 0.00420304232804 0.552835338288 0.779320987654 392.388888889 1.18209876543 87.6111111111 0.000796139104457 0.00125125125125 1.46363864356 0.5 351.666666667 0.0 92.3333333333
M896_120870 FUN_000607-T1 0.00229667507434 0.00187704711514 -0.499232495287 0.0 504.666666667 1.14969135802 125.333333333 0.00496120368251 0.00744639376218 2.16117575047 2.9 449.733333333 0.92 120.266666667
M896_120880 FUN_000608-T1 0.00459335014869 0.00715797430083 1.62828002331 0.104938271605 336.685185185 2.81790123457 83.3148148148 0.00322818047835 0.0041095890411 1.04827364253 0.32 348.2 1.3 89.8
M896_120900 FUN_000562-T1 0.000681217183068 0.000156936597615 -1.1332128884 0.054012345679 281.666666667 0.0 72.3333333333 0.00242113535876 0.00314561136479 1.07658986818 0.82 351.8 0.42 86.2
M896_120910 FUN_000560-T1 0.00387204371879 0.0026302107227 -1.1053039759 2.60339506173 1258.75 1.37808641975 298.25 0.00387381657402 0.00489091831558 1.18589967288 2.6 871.166666667 2.22 223.833333333
M896_121000 FUN_002463-T1 0.00300056763151 0.00174842257357 -1.39758180516 1.58179012346 1264.11111111 1.01388888889 262.888888889 0.00203152736999 0.00229885057471 0.567716495258 2.24 1127.9 0.64 264.1
M896_121050 FUN_002795-T1 0.00302327802928 0.00238563468652 -0.696918180579 1.66975308642 1112.98148148 1.47530864198 243.018518519 0.00347406154672 0.00502320502321 2.01408010071 3.72 981.433333333 1.8 239.566666667
M896_121070 FUN_002517-T1 0.00357872314667 0.00434152351961 0.737234481847 1.78086419753 1399.91666667 5.61419753086 352.083333333 0.00322818047835 0.00437595129376 1.64589218444 1.9 1365.76666667 5.0 386.233333333
M896_121080 FUN_002507-T1 0.00265975238389 0.00146086212263 -1.34613559294 0.104938271605 644.62962963 1.05401234568 171.37037037 0.00137543098202 0.00158524283038 0.548828377857 0.6 610.766666667 0.5 160.233333333
M896_121100 FUN_002138-T1 0.00244645823137 0.00298826777088 0.627425960138 0.91975308642 571.092592593 1.08487654321 118.907407407 0.00202280836841 0.00238435860753 0.686229081932 0.82 567.333333333 0.68 131.666666667
M896_121110 FUN_004294-T1 0.00268841563886 0.00500079630514 2.62019770465 1.26851851852 728.740740741 3.09259259259 168.259259259 0.00129958000875 0.00157952069717 0.775011873709 0.66 659.4 0.5 156.6
M896_121170 FUN_000904-T1 0.00556673321344 0.00739275088306 1.13048123262 3.24459876543 869.222222222 4.53935185185 213.777777778 0.00187029503904 0.00284538506761 2.09055264168 2.0 748.5 0.42 196.5
M896_121200 FUN_000555-T1 0.00493151089583 0.00579089168046 0.53085606946 1.55709876543 388.638888889 1.19598765432 100.361111111 0.00155037615079 0.00204678362573 1.03299197336 0.42 361.0 0.42 95.0
M896_121380 FUN_002611-T1 0.00662502425292 0.00750479679051 0.464945645938 3.83333333333 888.472222222 4.13425925926 203.527777778 0.00143343780365 0.00131567090205 -0.329435888986 1.14 977.333333333 0.32 255.666666667
M896_121390 FUN_000544-T1 0.00164048219596 0.00142173271425 -0.298612350851 0.331790123457 356.333333333 0.277777777778 84.6666666667 0.001732773345 0.00204248366013 0.686229081932 1.0 638.333333333 0.5 177.666666667
M896_121400 FUN_000542-T1 0.00265531502589 0.00418831529943 1.78860437858 1.36728395062 783.009259259 2.70061728395 215.990740741 0.00285645060508 0.00426487093154 2.12727236207 0.98 769.133333333 2.82 220.866666667
M896_121470 FUN_000854-T1 0.00404615575178 0.00435353858173 0.246908231686 2.74691358025 714.194444444 1.03703703704 179.805555556 0.0024046650502 0.0032955404384 1.48555550901 2.18 586.0 0.0 149.0
M896_121510 FUN_002399-T1 0.00838785679326 0.0124867724868 1.67762539295 2.67901234568 565.657407407 5.6975308642 124.342592593 0.00349985903346 0.0037403740374 0.284299748012 1.36 490.7 0.68 115.3
M896_121540 FUN_000145-T1 0.000784230513191 0.000180668473351 -1.49542861119 0.054012345679 501.0 0.054012345679 114.0 0.00124686335936 0.00164609053498 1.03299197336 0.84 457.466666667 0.0 109.533333333
M896_121560 FUN_003531-T1 0.00194476518392 0.00279484553678 0.978870100173 0.0 304.666666667 1.01080246914 67.3333333333 0.00297046859142 0.00342359165889 0.548828377857 1.1 274.666666667 0.0 82.3333333333
M896_121570 FUN_000130-T1 0.00742002716327 0.00497391497391 -1.1848732589 5.14351851852 1172.71296296 1.9274691358 258.287037037 0.000610510815853 0.000614085588179 0.0149919947447 0.32 454.466666667 0.0 124.533333333
M896_121580 FUN_000129-T1 0.00529659561719 0.0046696197859 -0.418419999477 4.88271604938 1230.40740741 2.1450617284 317.592592593 0.000770121486665 0.00079883805374 0.120300932534 0.48 732.6 0.18 185.4
M896_121600 FUN_000127-T1 0.00472040025918 0.00545221209051 0.530010225045 1.40586419753 958.87037037 5.0262345679 217.12962963 0.00201991864217 0.00304761904762 2.10483231891 1.65 841.633333333 1.23 208.366666667
M896_121670 FUN_000646-T1 0.00379168054727 0.00523485075372 1.28216506942 2.8287037037 1018.52777778 3.6450617284 253.472222222 0.000372875276771 0.000586029067042 1.46363864356 0.5 744.333333333 0.0 203.666666667
M896_121690 FUN_002956-T1 0.00444517756325 0.00570794626094 0.892923888609 1.25771604938 518.194444444 2.3549382716 132.805555556 0.00169945078067 0.00210113960114 0.850406372326 1.18 497.666666667 0.0 126.333333333
M896_121740 FUN_000886-T1 0.00494668477551 0.00681318681319 1.18602537271 0.824074074074 475.12037037 3.05092592593 109.87962963 0.00228055330567 0.00339307048984 1.75514035573 0.92 375.966666667 0.5 89.0333333333
M896_121750 FUN_002948-T1 0.00208164772675 0.00225025822635 0.257826178831 1.60802469136 1191.92592593 1.68672839506 314.074074074 0.0018576579104 0.0025025025025 1.4702957203 2.0 1042.93333333 1.0 289.066666667
M896_121780 FUN_002946-T1 0.00586626079147 0.00494818571742 -0.576121587256 8.97273662551 2456.27777778 6.74176954733 588.722222222 0.00170956655912 0.00222387566138 1.36896322752 3.28 2182.93333333 2.1 505.066666667
M896_121800 FUN_002943-T1 0.00643069020816 0.00465771265771 -0.953604942928 2.29166666667 775.962962963 2.12345679012 199.037037037 0.00279804033545 0.00422163588391 2.22784299632 2.98666666667 917.533333333 1.33333333333 219.466666667
M896_121810 FUN_003333-T1 0.00465742048338 0.0060891977201 1.06686916668 2.65740740741 1099.71296296 5.61882716049 298.287037037 0.00198216315353 0.00260297680858 1.37143046593 3.1 1285.66666667 0.66 319.333333333
M896_121820 FUN_004616-T1 0.00382779179057 0.00429159318048 0.361854785953 1.0200617284 457.435185185 1.34567901235 109.564814815 0.000650986671048 0.00102312257008 1.46363864356 0.5 426.333333333 0.0 116.666666667
M896_121920 FUN_004730-T1 0.00181863410864 0.00194881371352 0.186674621242 0.854938271605 532.305555556 0.401234567901 130.694444444 0.00109100543944 0.00116598079561 0.221711048181 0.68 516.0 0.0 132.0
M896_121940 FUN_003342-T1 0.0026794542534 0.00145061728395 -1.12334551015 0.054012345679 286.657407407 0.453703703704 73.3425925926 0.0 0.0 None 0.0 275.333333333 0.0 63.6666666667
