M896_010090 FUN_001212-T1 0.0000 155.9 456.1 0.3537 0.0000 0.0000 0.5507 154.4 451.6 0.0694 0.0416 0.5989
M896_010110 FUN_004897-T1 0.0134 129.2 377.8 0.2404 0.0025 0.0103 0.4627 129.2 377.8 0.1684 0.0683 0.4056
M896_010130 FUN_000590-T1 0.0140 347.0 1015.0 0.0596 0.0009 0.0156 0.7195 325.6 952.4 0.1854 0.1132 0.6104
M896_010140 FUN_003236-T1 0.0221 129.2 377.8 0.1145 0.0025 0.0217 1.4868 9.2 26.8 0.8541 0.4749 0.5561
M896_010210 FUN_002878-T1 0.0303 143.7 420.3 0.1740 0.0046 0.0263 1.5250 88.7 259.3 1.0500 0.5146 0.4901
M896_010250 FUN_000274-T1 0.0051 318.7 932.3 0.2826 0.0010 0.0036 1.8991 47.4 138.6 0.3445 0.4264 1.2376
M896_010280 FUN_002873-T1 0.0224 162.8 476.2 0.0847 0.0020 0.0235 1.6518 84.8 248.2 0.5674 0.4610 0.8126
M896_010330 FUN_002822-T1 0.0190 181.9 532.1 0.0922 0.0018 0.0196 1.5599 30.6 89.4 0.7963 0.4881 0.6130
M896_010340 FUN_002803-T1 0.0226 150.6 440.4 0.2582 0.0043 0.0168 2.0662 56.6 165.4 0.2898 0.4240 1.4632
M896_010380 FUN_001138-T1 0.0125 269.0 787.0 0.2572 0.0024 0.0094 1.5338 55.8 163.2 0.7269 0.4666 0.6420
M896_010410 FUN_001997-T1 0.0000 178.1 520.9 0.0010 0.0000 0.0000 1.7487 48.1 140.9 0.3589 0.4006 1.1162
M896_010460 FUN_001976-T1 0.0376 181.9 532.1 0.0908 0.0035 0.0388 1.7870 87.9 257.1 0.4062 0.4340 1.0686
M896_010500 FUN_002677-T1 0.0109 502.1 1468.9 0.6911 0.0033 0.0047 1.6074 104.7 306.3 0.4470 0.4074 0.9114
M896_010510 FUN_002777-T1 0.0000 217.8 637.2 0.7629 0.0000 0.0000 1.9368 76.4 223.6 0.4380 0.4865 1.1109
M896_010530 FUN_002798-T1 0.0229 275.1 804.9 0.1787 0.0035 0.0197 2.2775 20.6 60.4 0.3443 0.5112 1.4847
M896_010560 FUN_000232-T1 0.0208 139.1 406.9 99.0000 0.0093 0.0001 1.8110 50.4 147.6 0.4878 0.4763 0.9764
M896_010570 FUN_002824-T1 0.0265 133.7 391.3 0.2373 0.0049 0.0205 1.6060 19.1 55.9 0.4828 0.4206 0.8710
M896_010630 FUN_004076-T1 0.0115 152.1 444.9 0.0010 0.0000 0.0150 1.4615 48.1 140.9 0.4808 0.3821 0.7946
M896_010730 FUN_000422-T1 0.0000 128.4 375.6 0.9443 0.0000 0.0000 1.4466 12.2 35.8 0.3227 0.3142 0.9737
M896_010740 FUN_003637-T1 0.0190 288.9 845.1 0.1227 0.0022 0.0183 1.7647 46.6 136.4 0.2495 0.3330 1.3348
M896_010770 FUN_002246-T1 0.0205 80.2 234.8 0.2786 0.0041 0.0148 1.9258 48.1 140.9 0.3188 0.4157 1.3038
M896_010810 FUN_000214-T1 0.0083 103.2 301.8 0.0010 0.0000 0.0108 2.2434 34.4 100.6 0.2197 0.3926 1.7870
M896_010840 FUN_003161-T1 0.0207 131.5 384.5 0.1235 0.0025 0.0199 1.9231 26.0 76.0 0.6477 0.5630 0.8693
M896_010860 FUN_002806-T1 0.0092 159.7 467.3 99.0000 0.0041 0.0000 2.0470 19.9 58.1 0.4626 0.5265 1.1381
M896_010870 FUN_004880-T1 0.0256 233.9 684.1 0.2024 0.0043 0.0210 1.8213 50.4 147.6 0.4070 0.4428 1.0878
M896_010890 FUN_002751-T1 0.0575 274.4 802.6 0.0999 0.0058 0.0582 1.5178 34.4 100.6 0.4351 0.3802 0.8738
M896_010930 FUN_001209-T1 0.0254 234.6 686.4 0.1071 0.0027 0.0253 1.9175 52.7 154.3 0.3292 0.4208 1.2780
M896_010940 FUN_001769-T1 0.0080 120.0 351.0 0.0010 0.0000 0.0105 2.1774 52.0 152.0 0.5282 0.5913 1.1194
M896_011060 FUN_004613-T1 0.0107 395.1 1155.9 0.1822 0.0017 0.0091 1.6156 87.1 254.9 0.5338 0.4405 0.8253
M896_011080 FUN_003377-T1 0.0066 152.9 447.1 0.0010 0.0000 0.0086 1.6927 68.8 201.2 0.4239 0.4191 0.9888
M896_011120 FUN_004335-T1 0.0093 298.8 874.2 0.1199 0.0011 0.0090 1.9201 39.0 114.0 0.3560 0.4381 1.2306
M896_011130 FUN_000021-T1 0.0025 287.4 840.6 99.0000 0.0011 0.0000 1.9837 96.3 281.7 0.6545 0.5829 0.8906
M896_011140 FUN_000018-T1 0.0132 481.5 1408.5 0.7443 0.0040 0.0054 13.5844 13.0 38.0 0.0122 0.2086 17.1645
M896_011230 FUN_000100-T1 0.0167 342.4 1001.6 0.3726 0.0039 0.0105 1.8259 129.2 377.8 0.5171 0.4916 0.9508
M896_011260 FUN_003205-T1 0.0163 226.2 661.8 0.0842 0.0014 0.0171 1.6102 129.9 380.1 0.6567 0.4736 0.7212
M896_011280 FUN_002537-T1 0.0063 317.9 930.1 0.0010 0.0000 0.0082 1.7226 41.3 120.7 0.1967 0.2814 1.4308
M896_011350 FUN_002303-T1 0.0159 200.2 585.8 0.6662 0.0047 0.0070 7.9225 18.3 53.7 0.0511 0.4608 9.0183
M896_011360 FUN_001460-T1 0.0348 120.8 353.2 0.3713 0.0081 0.0218 1.9486 42.8 125.2 0.4273 0.4842 1.1331
M896_011370 FUN_004375-T1 0.0131 974.4 2850.6 0.0728 0.0010 0.0141 1.6502 53.5 156.5 0.3225 0.3583 1.1110
M896_011420 FUN_001254-T1 0.0264 124.6 364.4 0.3630 0.0061 0.0168 1.3626 60.4 176.6 0.5235 0.3687 0.7043
M896_011520 FUN_002237-T1 0.0108 139.1 406.9 99.0000 0.0048 0.0000 1.6231 47.4 138.6 0.3465 0.3655 1.0546
M896_011680 FUN_002328-T1 0.0307 243.8 713.2 0.4697 0.0079 0.0169 1.7600 74.9 219.1 0.5460 0.4841 0.8866
M896_011690 FUN_002327-T1 0.0422 94.8 277.2 0.0750 0.0034 0.0453 2.0952 39.7 116.3 0.1965 0.3421 1.7409
M896_011720 FUN_002348-T1 0.0118 206.3 603.7 0.5166 0.0032 0.0061 1.6693 65.7 192.3 0.5737 0.4679 0.8155
M896_011820 FUN_003467-T1 0.0363 365.3 1068.7 0.2195 0.0064 0.0290 1.7012 97.1 283.9 0.5660 0.4744 0.8382
M896_011850 FUN_002179-T1 0.0080 299.6 876.4 0.5329 0.0022 0.0041 1.6507 115.4 337.6 0.6307 0.4788 0.7591
M896_011880 FUN_002197-T1 0.0183 190.3 556.7 0.2499 0.0035 0.0138 1.3716 28.3 82.7 0.5875 0.3878 0.6601
M896_011930 FUN_002173-T1 0.0218 277.4 811.6 0.1976 0.0036 0.0181 1.9251 43.6 127.4 0.3164 0.4139 1.3081
M896_011940 FUN_002999-T1 0.0059 152.1 444.9 0.0010 0.0000 0.0078 1.9113 68.8 201.2 0.5230 0.5170 0.9885
M896_012040 FUN_001093-T1 0.0727 186.5 545.5 0.1277 0.0088 0.0693 1.7096 30.6 89.4 0.3648 0.3948 1.0821
M896_012100 FUN_002001-T1 0.0144 314.1 918.9 0.0663 0.0010 0.0158 1.8517 47.4 138.6 0.4368 0.4646 1.0637
M896_012150 FUN_001743-T1 0.0086 331.7 970.3 0.1144 0.0010 0.0085 1.4568 90.2 263.8 0.4704 0.3774 0.8022
M896_012170 FUN_001627-T1 0.0385 148.3 433.7 0.1170 0.0044 0.0375 1.9182 58.1 169.9 0.4040 0.4647 1.1504
M896_012230 FUN_001600-T1 0.0175 263.7 771.3 1.2319 0.0061 0.0050 1.7893 105.5 308.5 0.6729 0.5307 0.7887
M896_012240 FUN_001618-T1 0.0333 152.9 447.1 0.2631 0.0065 0.0246 1.4963 55.0 161.0 0.4212 0.3694 0.8771
M896_012250 FUN_000946-T1 0.0303 343.9 1006.1 0.2439 0.0056 0.0231 1.7075 45.9 134.1 0.2875 0.3489 1.2135
M896_012280 FUN_003387-T1 0.0219 529.6 1549.4 0.2062 0.0037 0.0178 1.7606 109.3 319.7 0.5074 0.4705 0.9273
M896_012470 FUN_000715-T1 0.0000 146.0 427.0 0.4522 0.0000 0.0000 1.8730 38.2 111.8 0.4263 0.4649 1.0907
M896_020050 FUN_001942-T1 0.0183 321.0 939.0 0.2055 0.0031 0.0150 0.6674 322.5 943.5 0.0934 0.0640 0.6859
M896_020070 FUN_001938-T1 0.0153 306.5 896.5 0.0010 0.0000 0.0200 0.5312 294.2 860.8 0.0220 0.0144 0.6529
M896_020090 FUN_003390-T1 0.0057 256.8 751.2 99.0000 0.0025 0.0000 0.7270 350.8 1026.2 0.2136 0.1250 0.5854
M896_020250 FUN_001786-T1 0.1205 536.5 1569.5 0.5399 0.0330 0.0611 1.9244 105.5 308.5 0.4208 0.4749 1.1285
M896_020280 FUN_001805-T1 0.0051 562.5 1645.5 0.0010 0.0000 0.0067 1.9418 121.5 355.5 0.3708 0.4519 1.2187
M896_020290 FUN_003264-T1 0.0556 74.1 216.9 0.0010 0.0001 0.0725 1.7841 52.7 154.3 0.5001 0.4740 0.9478
M896_020330 FUN_004675-T1 0.0199 193.4 565.6 0.0010 0.0000 0.0260 1.7164 99.4 290.6 0.5026 0.4569 0.9092
M896_020340 FUN_002462-T1 0.0080 484.5 1417.5 0.9994 0.0027 0.0027 1.4627 49.7 145.3 0.3263 0.3195 0.9793
M896_020350 FUN_001832-T1 0.0198 548.7 1605.3 0.1305 0.0025 0.0188 1.4576 41.3 120.7 0.3957 0.3498 0.8840
M896_020360 FUN_004583-T1 0.0138 437.9 1281.1 1.7343 0.0052 0.0030 1.7842 140.6 411.4 0.4175 0.4388 1.0510
M896_020390 FUN_002524-T1 0.0272 77.2 225.8 0.0010 0.0000 0.0354 1.4851 50.4 147.6 0.3326 0.3276 0.9849
M896_020460 FUN_004487-T1 0.0302 360.7 1055.3 0.1255 0.0036 0.0289 1.8282 130.7 382.3 0.4090 0.4454 1.0891
M896_020510 FUN_002466-T1 0.0231 270.5 791.5 0.1067 0.0025 0.0230 2.4616 9.9 29.1 0.0909 0.2312 2.5445
M896_020520 FUN_001866-T1 0.0105 156.7 458.3 0.2745 0.0021 0.0076 1.1808 9.2 26.8 0.8268 0.3736 0.4519
M896_020530 FUN_001867-T1 0.0162 379.8 1111.2 0.1067 0.0017 0.0162 1.2172 41.3 120.7 0.4964 0.3224 0.6495
M896_020550 FUN_003996-T1 0.0646 300.4 878.6 0.2900 0.0133 0.0457 50.0000 13.0 38.0 0.0035 0.2247 64.7655
M896_020590 FUN_002673-T1 0.0395 558.7 1634.3 0.3888 0.0094 0.0242 1.7615 152.9 447.1 0.5948 0.5003 0.8411
M896_020640 FUN_001888-T1 0.0130 294.2 860.8 0.0788 0.0011 0.0138 1.9357 46.6 136.4 0.3423 0.4332 1.2655
M896_020670 FUN_001596-T1 0.0267 321.8 941.2 0.0694 0.0020 0.0291 3.6167 58.1 169.9 0.0787 0.3026 3.8471
M896_020680 FUN_000947-T1 0.0000 99.4 290.6 0.8240 0.0000 0.0000 1.0798 16.8 49.2 1.0455 0.3640 0.3481
M896_020700 FUN_001901-T1 0.0323 109.3 319.7 0.0908 0.0030 0.0334 1.2356 24.5 71.5 0.4820 0.3234 0.6708
M896_020750 FUN_001904-T1 0.0097 182.7 534.3 0.0010 0.0000 0.0126 1.9326 52.7 154.3 0.2352 0.3523 1.4980
M896_020760 FUN_001905-T1 0.0230 214.8 628.2 0.4918 0.0061 0.0124 1.9057 24.5 71.5 0.4110 0.4653 1.1323
M896_020790 FUN_001123-T1 0.0243 273.6 800.4 0.0955 0.0024 0.0248 2.0684 43.6 127.4 0.2153 0.3576 1.6605
M896_020890 FUN_001954-T1 0.0240 405.1 1184.9 0.5214 0.0065 0.0124 2.4987 53.5 156.5 0.3194 0.5399 1.6901
M896_021000 FUN_002011-T1 0.0050 349.3 1021.7 0.2426 0.0009 0.0038 2.5989 58.8 172.2 0.3478 0.5862 1.6857
M896_021020 FUN_002015-T1 0.0117 81.0 237.0 0.0010 0.0000 0.0152 1.7610 32.9 96.1 0.3622 0.4052 1.1189
M896_021040 FUN_002020-T1 0.0365 352.3 1030.7 0.7156 0.0111 0.0155 1.6090 93.2 272.8 0.6270 0.4658 0.7428
M896_021100 FUN_000272-T1 0.0472 136.0 398.0 0.1066 0.0050 0.0471 2.1169 81.8 239.2 0.1904 0.3387 1.7791
M896_021110 FUN_002059-T1 0.0491 688.6 2014.4 0.7317 0.0150 0.0205 1.9418 64.2 187.8 0.3414 0.4340 1.2712
M896_021120 FUN_003046-T1 0.0337 227.0 664.0 0.3183 0.0073 0.0228 2.2162 82.5 241.5 0.3291 0.4862 1.4774
M896_021130 FUN_002058-T1 0.0101 168.9 494.1 0.2523 0.0019 0.0076 3.6560 6.9 20.1 0.1474 0.4927 3.3424
M896_021140 FUN_004836-T1 0.0429 157.4 460.6 0.2635 0.0083 0.0317 1.8194 30.6 89.4 0.1805 0.2812 1.5580
M896_021160 FUN_002828-T1 0.0000 108.5 317.5 0.8614 0.0000 0.0000 1.6849 35.9 105.1 0.8554 0.5384 0.6295
M896_021200 FUN_002065-T1 0.0293 645.0 1887.0 0.3493 0.0066 0.0190 1.7069 158.2 462.8 0.4098 0.4163 1.0157
M896_021230 FUN_004553-T1 0.0226 110.8 324.2 0.4499 0.0057 0.0127 1.8235 28.3 82.7 0.3572 0.4168 1.1668
M896_021240 FUN_004555-T1 0.0123 139.9 409.1 0.2517 0.0023 0.0093 2.5224 18.3 53.7 0.1852 0.3965 2.1406
M896_021270 FUN_003625-T1 0.0126 229.3 670.7 99.0000 0.0056 0.0001 1.5305 77.2 225.8 0.3022 0.3212 1.0630
M896_021280 FUN_002594-T1 0.0146 427.2 1249.8 0.1844 0.0023 0.0124 1.9549 84.8 248.2 0.3250 0.4262 1.3112
M896_021290 FUN_004552-T1 0.0128 79.5 232.5 0.0010 0.0000 0.0166 1.3740 35.9 105.1 0.4732 0.3568 0.7540
M896_021330 FUN_000139-T1 0.0317 512.1 1497.9 0.2824 0.0064 0.0227 2.2482 97.1 283.9 0.4072 0.5467 1.3424
M896_021340 FUN_001727-T1 0.0274 317.9 930.1 0.1721 0.0041 0.0239 1.7012 93.2 272.8 0.3818 0.4015 1.0515
M896_021350 FUN_000631-T1 0.0705 382.9 1120.1 0.2667 0.0138 0.0518 1.5915 78.7 230.3 0.4169 0.3911 0.9382
M896_021410 FUN_002588-T1 0.0291 253.0 740.0 0.5007 0.0077 0.0154 1.3524 84.8 248.2 0.5856 0.3819 0.6522
M896_021480 FUN_000773-T1 0.0327 80.2 234.8 0.1326 0.0041 0.0308 2.4553 3.8 11.2 0.3121 0.5241 1.6794
M896_021570 FUN_000039-T1 0.0155 60.4 176.6 0.0010 0.0000 0.0202 1.6378 19.9 58.1 0.4398 0.4122 0.9372
M896_021620 FUN_000793-T1 0.0229 266.7 780.3 1.8610 0.0086 0.0046 1.7216 75.7 221.3 0.5155 0.4630 0.8982
M896_021720 FUN_004323-T1 0.0125 486.8 1424.2 0.0010 0.0000 0.0163 1.7074 74.1 216.9 0.4110 0.4169 1.0143
M896_021790 FUN_002783-T1 0.0238 147.5 431.5 0.2403 0.0044 0.0183 1.8984 43.6 127.4 0.6017 0.5415 0.8999
M896_021830 FUN_000807-T1 0.0000 110.8 324.2 0.9193 0.0000 0.0000 1.5923 39.7 116.3 0.3372 0.3537 1.0489
M896_021840 FUN_000814-T1 0.0029 253.0 740.0 99.0000 0.0013 0.0000 1.6012 16.8 49.2 0.3648 0.3697 1.0134
M896_030100 FUN_001191-T1 0.0148 219.3 641.7 0.6728 0.0044 0.0065 0.5905 214.0 626.0 0.0989 0.0592 0.5993
M896_030110 FUN_001180-T1 0.0039 229.3 670.7 0.0010 0.0000 0.0050 0.6349 221.6 648.4 0.0946 0.0616 0.6506
M896_030130 FUN_004303-T1 0.0198 130.7 382.3 0.1352 0.0025 0.0186 0.6529 114.6 335.4 0.0565 0.0414 0.7332
M896_030140 FUN_002835-T1 0.0259 496.8 1453.2 0.1788 0.0040 0.0222 0.7533 344.7 1008.3 0.1033 0.0782 0.7569
M896_030150 FUN_002394-T1 0.0153 159.0 465.0 0.5335 0.0042 0.0078 0.5235 155.9 456.1 0.0340 0.0212 0.6230
M896_030230 FUN_000579-T1 0.0312 90.9 266.1 0.1179 0.0036 0.0303 0.7830 86.4 252.6 0.1466 0.1051 0.7170
M896_030240 FUN_002989-T1 0.0235 101.6 297.4 0.5525 0.0065 0.0118 0.5019 150.6 440.4 0.0881 0.0460 0.5222
M896_030310 FUN_002697-T1 0.0156 548.0 1603.0 0.2530 0.0030 0.0117 0.8041 492.9 1442.1 0.1885 0.1278 0.6782
M896_030330 FUN_004203-T1 0.0194 532.7 1558.3 0.0917 0.0018 0.0200 1.0341 379.8 1111.2 0.3637 0.2384 0.6555
M896_030350 FUN_004527-T1 0.0359 214.0 626.0 0.1395 0.0047 0.0334 0.6312 207.1 605.9 0.2183 0.1100 0.5040
M896_030360 FUN_004500-T1 0.0171 267.5 782.5 0.0650 0.0012 0.0188 0.5695 265.2 775.8 0.0579 0.0369 0.6372
M896_030380 FUN_002957-T1 0.0149 230.0 673.0 0.2525 0.0028 0.0112 0.5516 230.8 675.2 0.1003 0.0560 0.5580
M896_030420 FUN_002646-T1 0.0386 135.3 395.7 0.2452 0.0072 0.0294 0.4866 124.6 364.4 0.1666 0.0713 0.4281
M896_030460 FUN_002639-T1 0.0288 141.4 413.6 0.3986 0.0069 0.0174 0.4314 142.9 418.1 0.1222 0.0508 0.4158
M896_030470 FUN_002638-T1 0.0077 214.0 626.0 0.2758 0.0015 0.0056 0.6212 217.0 635.0 0.1080 0.0667 0.6177
M896_030490 FUN_002656-T1 0.0000 252.2 737.8 0.9430 0.0000 0.0000 0.6888 249.9 731.1 0.1335 0.0865 0.6481
M896_030520 FUN_002661-T1 0.0201 133.7 391.3 0.1270 0.0024 0.0192 0.5176 132.2 386.8 0.0417 0.0252 0.6036
M896_030590 FUN_000787-T1 0.0214 147.5 431.5 0.7878 0.0067 0.0085 0.5969 154.4 451.6 0.1179 0.0685 0.5807
M896_030660 FUN_001950-T1 0.0303 204.1 596.9 0.1885 0.0048 0.0256 0.7222 224.7 657.3 0.2351 0.1316 0.5599
M896_030790 FUN_004411-T1 0.0366 443.3 1296.7 0.3320 0.0081 0.0243 1.7796 83.3 243.7 0.3557 0.4059 1.1412
M896_030830 FUN_001526-T1 0.1570 74.1 216.9 0.6075 0.0449 0.0740 1.6793 22.9 67.1 0.4683 0.4342 0.9271
M896_030880 FUN_000354-T1 0.0135 180.4 527.6 0.5136 0.0036 0.0071 1.7660 11.5 33.5 0.2171 0.3068 1.4133
M896_030910 FUN_000361-T1 0.0532 61.9 181.1 0.2853 0.0108 0.0380 1.6894 32.1 93.9 0.6217 0.4876 0.7843
M896_030920 FUN_000359-T1 0.0058 162.0 474.0 0.0010 0.0000 0.0076 1.7516 84.8 248.2 0.5139 0.4705 0.9156
M896_030940 FUN_000675-T1 0.0165 104.7 306.3 0.2446 0.0031 0.0126 2.4974 21.4 62.6 0.1313 0.3100 2.3608
M896_031010 FUN_001335-T1 0.0235 297.3 869.7 0.1568 0.0033 0.0211 1.8121 29.8 87.2 0.4925 0.4784 0.9714
M896_031070 FUN_001316-T1 0.0544 542.6 1587.4 0.3638 0.0125 0.0345 0.6724 412.7 1207.3 0.2133 0.1156 0.5417
M896_031140 FUN_001259-T1 0.0069 139.9 409.1 0.0010 0.0000 0.0090 0.5796 141.4 413.6 0.0728 0.0455 0.6253
M896_031180 FUN_001253-T1 0.0592 138.3 404.7 0.1263 0.0071 0.0566 0.4719 135.3 395.7 0.0258 0.0148 0.5741
M896_031190 FUN_001251-T1 0.0243 531.9 1556.1 0.0208 0.0006 0.0300 0.6333 518.9 1518.1 0.1070 0.0676 0.6310
M896_031230 FUN_000760-T1 0.0192 147.5 431.5 0.1180 0.0022 0.0186 0.8442 140.6 411.4 0.1341 0.1064 0.7934
M896_031310 FUN_003142-T1 0.0403 238.4 697.6 0.0979 0.0040 0.0410 1.5053 48.9 143.1 0.3773 0.3533 0.9362
M896_031380 FUN_002302-T1 0.0254 144.4 422.6 0.2169 0.0044 0.0203 0.7953 136.8 400.2 0.1285 0.0972 0.7563
M896_031390 FUN_001183-T1 0.0090 273.6 800.4 0.4818 0.0024 0.0049 0.8521 230.0 673.0 0.1649 0.1240 0.7521
M896_031430 FUN_003069-T1 0.0102 72.6 212.4 99.0000 0.0045 0.0000 0.5428 71.1 207.9 1.6946 0.2020 0.1192
M896_031440 FUN_000200-T1 0.0070 123.0 360.0 0.0010 0.0000 0.0091 0.6354 119.2 348.8 0.1377 0.0816 0.5926
M896_031470 FUN_001184-T1 0.0175 629.0 1840.0 0.2300 0.0032 0.0137 0.6661 586.2 1714.8 0.0717 0.0517 0.7204
M896_031480 FUN_001189-T1 0.0107 90.9 266.1 0.0010 0.0000 0.0139 0.6931 87.9 257.1 0.2277 0.1239 0.5443
M896_040100 FUN_000504-T1 0.0483 162.8 476.2 0.0770 0.0040 0.0516 1.7645 51.2 149.8 0.4244 0.4371 1.0300
M896_040160 FUN_000475-T1 0.0273 416.5 1218.5 0.1555 0.0038 0.0246 2.0526 79.5 232.5 0.3707 0.4777 1.2884
M896_040170 FUN_000476-T1 0.0219 336.3 983.7 0.5274 0.0059 0.0112 2.6394 133.0 389.0 0.2408 0.4879 2.0261
M896_040200 FUN_000505-T1 0.0519 268.3 784.7 0.6228 0.0150 0.0241 1.9827 36.7 107.3 0.2768 0.3968 1.4335
M896_040210 FUN_000478-T1 0.0260 215.5 630.5 0.0513 0.0015 0.0296 1.6736 56.6 165.4 0.4146 0.4103 0.9896
M896_040220 FUN_000477-T1 0.0301 198.7 581.3 0.3131 0.0064 0.0206 1.4622 54.3 158.7 0.4619 0.3758 0.8137
M896_040270 FUN_003619-T1 0.0737 322.5 943.5 0.2733 0.0146 0.0536 1.5804 79.5 232.5 0.3643 0.3647 1.0011
M896_040280 FUN_000472-T1 0.0106 275.9 807.1 0.0010 0.0000 0.0139 2.0282 107.0 313.0 0.4195 0.4999 1.1915
M896_040300 FUN_002254-T1 0.0302 563.3 1647.7 0.3558 0.0069 0.0194 2.0225 129.9 380.1 0.5183 0.5451 1.0517
M896_040340 FUN_000464-T1 0.0305 363.8 1064.2 0.3698 0.0071 0.0192 1.8499 65.7 192.3 0.5561 0.5125 0.9214
M896_040370 FUN_000462-T1 0.0238 425.7 1245.3 0.4509 0.0061 0.0134 1.7970 79.5 232.5 0.3264 0.3926 1.2029
M896_040410 FUN_003240-T1 0.0079 481.5 1408.5 0.0808 0.0007 0.0084 1.6808 97.1 283.9 0.4808 0.4394 0.9139
M896_040470 FUN_000443-T1 0.0154 172.7 505.3 0.1286 0.0019 0.0147 0.9683 4.6 13.4 99.0000 0.4316 0.0044
M896_040480 FUN_000444-T1 0.0411 90.2 263.8 0.0827 0.0036 0.0433 1.8362 44.3 129.7 0.2790 0.3691 1.3229
M896_040500 FUN_002544-T1 0.0042 473.1 1383.9 0.0010 0.0000 0.0055 1.8983 129.2 377.8 0.4666 0.4900 1.0503
M896_040510 FUN_003505-T1 0.0424 264.4 773.6 0.2365 0.0078 0.0328 3.0185 22.9 67.1 0.1449 0.4019 2.7739
M896_040530 FUN_003170-T1 0.0339 184.2 538.8 0.1834 0.0053 0.0289 1.8792 65.0 190.0 0.3805 0.4428 1.1636
M896_040540 FUN_000072-T1 0.0198 348.5 1019.5 0.2531 0.0038 0.0149 2.2206 22.9 67.1 0.1257 0.2670 2.1246
M896_040560 FUN_000070-T1 0.0453 246.9 722.1 0.1702 0.0067 0.0395 1.9667 26.7 78.3 0.6270 0.5693 0.9080
M896_040580 FUN_000062-T1 0.0467 84.1 245.9 0.0762 0.0038 0.0500 2.2350 19.1 55.9 0.2097 0.3801 1.8125
M896_040650 FUN_002688-T1 0.0227 492.9 1442.1 0.1192 0.0026 0.0220 2.3263 73.4 214.6 0.3651 0.5374 1.4719
M896_040680 FUN_004247-T1 0.0579 365.3 1068.7 0.3563 0.0132 0.0371 1.7959 120.0 351.0 0.8378 0.5705 0.6810
M896_040710 FUN_002674-T1 0.0102 95.5 279.5 0.0010 0.0000 0.0133 1.8331 40.5 118.5 0.2539 0.3494 1.3763
M896_040760 FUN_002687-T1 0.0070 371.4 1086.6 0.1362 0.0009 0.0065 0.6703 444.8 1301.2 0.0979 0.0667 0.6818
M896_040770 FUN_002689-T1 0.0390 94.8 277.2 0.0010 0.0001 0.0509 0.3470 97.1 283.9 2.6844 0.1377 0.0513
M896_040780 FUN_002549-T1 0.0137 79.5 232.5 0.0010 0.0000 0.0179 0.8854 78.7 230.3 0.1238 0.1053 0.8505
M896_040800 FUN_002615-T1 0.0208 140.6 411.4 0.1104 0.0023 0.0206 0.8209 129.2 377.8 0.1404 0.1069 0.7614
M896_040810 FUN_003025-T1 0.0227 277.4 811.6 0.1796 0.0035 0.0195 0.7510 305.7 894.3 0.1854 0.1181 0.6372
M896_040890 FUN_002669-T1 0.0226 496.0 1451.0 0.1190 0.0026 0.0219 0.5656 480.0 1404.0 0.1085 0.0610 0.5617
M896_041030 FUN_001537-T1 0.0000 134.5 393.5 0.6874 0.0000 0.0000 2.3401 15.3 44.7 0.4223 0.5784 1.3698
M896_041100 FUN_002705-T1 0.0400 305.7 894.3 0.2392 0.0074 0.0308 1.7071 32.1 93.9 0.4710 0.4424 0.9394
M896_041150 FUN_000768-T1 0.0658 246.1 719.9 0.3736 0.0154 0.0411 1.7289 50.4 147.6 0.3838 0.4090 1.0656
M896_041180 FUN_000540-T1 0.0000 88.7 259.3 0.0010 0.0000 0.0000 1.5445 25.2 73.8 0.6362 0.4494 0.7063
M896_041210 FUN_000182-T1 0.0479 298.8 874.2 0.1895 0.0076 0.0403 1.5143 107.0 313.0 0.2940 0.3132 1.0653
M896_041230 FUN_003196-T1 0.0907 58.1 169.9 0.2429 0.0168 0.0694 1.5809 31.3 91.7 0.4575 0.4047 0.8847
M896_041260 FUN_000958-T1 0.0247 321.0 939.0 0.0780 0.0021 0.0263 2.1470 13.8 40.2 0.2219 0.3780 1.7034
M896_041270 FUN_004699-T1 0.0284 225.5 659.5 0.1007 0.0029 0.0287 1.5984 68.8 201.2 0.4331 0.3995 0.9226
M896_041280 FUN_000959-T1 0.0302 376.0 1100.0 0.5958 0.0086 0.0144 1.8462 69.5 203.5 0.5230 0.4994 0.9548
M896_041350 FUN_004878-T1 0.1482 276.7 809.3 0.7552 0.0456 0.0604 0.6205 217.0 635.0 0.1355 0.0788 0.5814
M896_041380 FUN_000944-T1 0.0315 898.8 2629.2 0.5109 0.0084 0.0165 1.8175 92.5 270.5 0.3190 0.3924 1.2301
M896_041450 FUN_000939-T1 0.0642 1098.2 3212.8 0.3799 0.0151 0.0398 1.5130 95.5 279.5 0.3646 0.3493 0.9580
M896_041490 FUN_000912-T1 0.0149 302.6 885.4 0.0010 0.0000 0.0194 1.5143 21.4 62.6 0.5684 0.4229 0.7441
M896_041620 FUN_000180-T1 0.0146 164.3 480.7 0.5372 0.0040 0.0074 0.5688 165.1 482.9 0.0713 0.0439 0.6159
M896_041660 FUN_000185-T1 0.0202 266.0 778.0 0.1266 0.0024 0.0193 0.8473 262.9 769.1 0.0858 0.0760 0.8863
M896_041670 FUN_000201-T1 0.0517 244.6 715.4 0.9066 0.0168 0.0185 0.6703 614.5 1797.5 0.1061 0.0710 0.6693
M896_041730 FUN_000209-T1 0.0060 123.8 362.2 99.0000 0.0027 0.0000 0.6783 173.5 507.5 0.1420 0.0890 0.6271
M896_041800 FUN_004831-T1 0.0311 201.0 588.0 0.1071 0.0033 0.0309 2.0190 41.3 120.7 0.3125 0.4313 1.3801
M896_041810 FUN_004559-T1 0.0073 239.2 699.8 0.2412 0.0014 0.0056 0.8850 201.0 588.0 0.2675 0.1738 0.6496
M896_041840 FUN_000231-T1 0.0227 266.0 778.0 0.2119 0.0039 0.0183 0.7116 264.4 773.6 0.1874 0.1127 0.6014
M896_041980 FUN_000257-T1 0.0053 314.9 921.1 0.0010 0.0000 0.0069 0.5424 312.6 914.4 0.0597 0.0361 0.6042
M896_042020 FUN_004342-T1 0.0141 250.7 733.3 0.0888 0.0013 0.0147 0.6517 217.8 637.2 0.1718 0.0975 0.5675
M896_042030 FUN_003028-T1 0.0148 230.0 673.0 0.2515 0.0028 0.0112 0.6195 199.5 583.5 0.2542 0.1182 0.4648
M896_042050 FUN_003942-T1 0.0194 149.8 438.2 0.0010 0.0000 0.0253 0.4946 145.2 424.8 0.1124 0.0547 0.4871
M896_042060 FUN_004174-T1 0.0089 164.3 480.7 99.0000 0.0040 0.0000 0.5840 166.6 487.4 0.0879 0.0534 0.6078
M896_042130 FUN_002313-T1 0.0102 142.2 415.8 99.0000 0.0045 0.0000 0.6496 153.6 449.4 0.1767 0.0990 0.5603
M896_042140 FUN_003309-T1 0.0214 107.8 315.2 1.2442 0.0075 0.0060 0.8730 48.9 143.1 0.1843 0.1368 0.7422
M896_050190 FUN_004503-T1 0.0252 145.2 424.8 0.0846 0.0022 0.0265 2.4165 16.0 47.0 0.2219 0.4254 1.9174
M896_050210 FUN_004775-T1 0.0667 124.6 364.4 0.5150 0.0179 0.0348 1.6847 59.6 174.4 0.2807 0.3397 1.2105
M896_050250 FUN_004461-T1 0.0261 443.3 1296.7 0.2059 0.0044 0.0213 1.7100 66.5 194.5 0.4835 0.4481 0.9267
M896_050300 FUN_004454-T1 0.0081 119.2 348.8 0.0010 0.0000 0.0105 1.8161 12.2 35.8 0.4177 0.4467 1.0695
M896_050410 FUN_004913-T1 0.0375 108.5 317.5 0.4167 0.0092 0.0221 1.7244 42.8 125.2 0.4316 0.4304 0.9972
M896_050430 FUN_004466-T1 0.0292 860.6 2517.4 0.2037 0.0049 0.0240 1.7469 94.8 277.2 0.2955 0.3623 1.2259
M896_050480 FUN_000789-T1 0.0279 223.9 655.1 0.0455 0.0015 0.0322 2.6470 48.1 140.9 0.4550 0.6760 1.4859
M896_050490 FUN_004433-T1 0.0106 255.3 746.7 0.1250 0.0013 0.0102 1.5320 39.0 114.0 0.5266 0.4155 0.7891
M896_050520 FUN_004440-T1 0.0102 489.1 1430.9 0.2719 0.0020 0.0074 0.5558 439.4 1285.6 0.0659 0.0402 0.6098
M896_050590 FUN_004432-T1 0.0191 134.5 393.5 0.1378 0.0025 0.0179 0.5202 135.3 395.7 0.0897 0.0484 0.5391
M896_050610 FUN_004427-T1 0.0302 338.6 990.4 0.1932 0.0049 0.0252 0.6129 356.1 1041.9 0.0635 0.0429 0.6763
M896_050620 FUN_004422-T1 0.0045 421.1 1231.9 0.0010 0.0000 0.0059 0.5535 418.0 1223.0 0.0981 0.0552 0.5627
M896_050640 FUN_004320-T1 0.0092 192.6 563.4 0.2321 0.0017 0.0072 0.7279 202.5 592.5 0.1912 0.1168 0.6109
M896_050650 FUN_004407-T1 0.0456 139.1 406.9 0.1774 0.0070 0.0393 0.5698 123.8 362.2 0.1257 0.0685 0.5451
M896_050700 FUN_004299-T1 0.0325 269.8 789.2 0.0702 0.0025 0.0353 0.5297 269.8 789.2 0.1638 0.0767 0.4686
M896_050710 FUN_004297-T1 0.0154 227.0 664.0 0.2376 0.0028 0.0119 1.0950 130.7 382.3 0.2169 0.1901 0.8766
M896_050770 FUN_001962-T1 0.0690 188.0 550.0 0.1739 0.0104 0.0598 0.6202 179.6 525.4 0.0980 0.0618 0.6307
M896_050780 FUN_004288-T1 0.0298 311.8 912.2 0.4065 0.0072 0.0178 0.8557 287.4 840.6 0.2796 0.1722 0.6160
M896_050790 FUN_004096-T1 0.0285 87.9 257.1 0.1445 0.0038 0.0262 0.5629 90.2 263.8 0.1482 0.0762 0.5138
M896_050810 FUN_004284-T1 0.0171 252.2 737.8 0.1753 0.0026 0.0148 0.6017 235.4 688.6 0.0980 0.0600 0.6119
M896_050860 FUN_004364-T1 0.0248 129.2 377.8 0.0010 0.0000 0.0323 0.6845 139.1 406.9 0.0619 0.0469 0.7583
M896_050910 FUN_004382-T1 0.0256 346.2 1012.8 0.1139 0.0029 0.0251 0.6297 340.1 994.9 0.0988 0.0632 0.6391
M896_050920 FUN_004385-T1 0.0375 125.3 366.7 1.1693 0.0130 0.0111 0.6927 98.6 288.4 0.2070 0.1169 0.5645
M896_050980 FUN_000393-T1 0.0574 450.1 1316.9 0.1999 0.0095 0.0474 0.5942 90.2 263.8 0.1132 0.0661 0.5841
M896_051030 FUN_004331-T1 0.0276 177.3 518.7 0.0010 0.0000 0.0360 0.7478 165.1 482.9 0.1199 0.0869 0.7244
M896_051070 FUN_004338-T1 0.0201 198.7 581.3 0.0735 0.0016 0.0217 0.7041 185.7 543.3 0.1368 0.0900 0.6579
M896_051100 FUN_004332-T1 0.0000 67.3 196.7 0.6129 0.0000 0.0000 0.6058 66.5 194.5 0.0499 0.0345 0.6916
M896_051120 FUN_001206-T1 0.0351 144.4 422.6 0.4544 0.0089 0.0197 0.8191 159.0 465.0 0.1752 0.1241 0.7085
M896_051140 FUN_004336-T1 0.0114 428.0 1252.0 0.0593 0.0008 0.0127 0.6892 398.2 1164.8 0.1260 0.0830 0.6589
M896_051180 FUN_004344-T1 0.0279 639.7 1871.3 0.4307 0.0069 0.0161 0.5553 633.6 1853.4 0.1089 0.0600 0.5511
M896_051370 FUN_004481-T1 0.0220 256.0 749.0 0.6130 0.0063 0.0103 0.8269 269.8 789.2 0.2404 0.1527 0.6353
M896_051630 FUN_002319-T1 0.0143 154.4 451.6 0.0010 0.0000 0.0187 0.7636 155.1 453.9 0.1125 0.0846 0.7517
M896_051650 FUN_001086-T1 0.0219 274.4 802.6 1.7840 0.0082 0.0046 0.7112 227.7 666.3 0.1746 0.1075 0.6160
M896_051760 FUN_000764-T1 0.0317 612.9 1793.1 0.2849 0.0064 0.0226 0.6364 466.2 1363.8 0.1139 0.0711 0.6247
M896_051770 FUN_000756-T1 0.0272 162.8 476.2 0.1644 0.0040 0.0241 0.8889 171.2 500.8 0.3524 0.2018 0.5727
M896_051830 FUN_002207-T1 0.0110 133.7 391.3 99.0000 0.0049 0.0000 0.5334 138.3 404.7 0.2079 0.0902 0.4340
M896_051870 FUN_004478-T1 0.0391 102.4 299.6 0.9647 0.0129 0.0134 1.1900 14.5 42.5 0.2908 0.2447 0.8413
M896_051890 FUN_000431-T1 0.0204 279.7 818.3 0.1169 0.0023 0.0199 1.5202 99.4 290.6 0.4678 0.3929 0.8398
M896_051910 FUN_003726-T1 0.0240 464.7 1359.3 0.2192 0.0042 0.0191 1.0719 9.9 29.1 0.6715 0.3177 0.4732
M896_051930 FUN_002640-T1 0.0237 828.5 2423.5 0.0962 0.0023 0.0242 1.4542 52.0 152.0 0.3874 0.3455 0.8919
M896_051940 FUN_000429-T1 0.0000 79.5 232.5 0.0010 0.0000 0.0000 1.5096 40.5 118.5 0.3509 0.3420 0.9747
M896_051980 FUN_000419-T1 0.0000 128.4 375.6 0.7324 0.0000 0.0000 1.6635 61.1 178.9 0.5702 0.4652 0.8158
M896_052030 FUN_000413-T1 0.0055 315.6 923.4 0.0010 0.0000 0.0072 2.2116 68.8 201.2 0.3681 0.5129 1.3933
M896_052070 FUN_000406-T1 0.0231 145.2 424.8 0.2738 0.0046 0.0168 1.4381 22.9 67.1 0.3596 0.3298 0.9170
M896_052080 FUN_000405-T1 0.0094 200.2 585.8 0.0010 0.0000 0.0123 1.9328 28.3 82.7 0.4948 0.5113 1.0333
M896_052170 FUN_002422-T1 0.0180 210.2 614.8 0.0010 0.0000 0.0235 0.5284 220.9 646.1 0.0857 0.0474 0.5528
M896_060020 FUN_003043-T1 0.0470 146.0 427.0 0.0912 0.0044 0.0486 1.9608 42.8 125.2 0.4732 0.5092 1.0760
M896_060100 FUN_003818-T1 0.0369 285.1 833.9 0.6480 0.0108 0.0167 0.7029 328.6 961.4 0.1767 0.1071 0.6063
M896_060160 FUN_003997-T1 0.0220 469.3 1372.7 0.8011 0.0069 0.0086 0.5082 314.1 918.9 0.1465 0.0682 0.4655
M896_060200 FUN_002312-T1 0.0159 146.0 427.0 0.6256 0.0046 0.0074 0.4327 132.2 386.8 0.0094 0.0052 0.5511
M896_060220 FUN_000978-T1 0.0059 158.2 462.8 0.0010 0.0000 0.0076 0.4448 155.1 453.9 0.0424 0.0219 0.5178
M896_060230 FUN_004612-T1 0.0458 842.2 2463.8 0.3292 0.0101 0.0306 0.8310 634.3 1855.7 0.2395 0.1531 0.6394
M896_060270 FUN_000990-T1 0.0067 148.3 433.7 0.0010 0.0000 0.0087 0.4745 162.8 476.2 0.0622 0.0327 0.5252
M896_060280 FUN_000074-T1 0.0076 94.8 277.2 99.0000 0.0034 0.0000 0.4504 93.2 272.8 0.1834 0.0703 0.3835
M896_060390 FUN_001289-T1 0.0054 498.3 1457.7 0.1274 0.0007 0.0051 0.9000 309.5 905.5 0.2018 0.1494 0.7406
M896_060480 FUN_002195-T1 0.0196 403.5 1180.5 0.1976 0.0032 0.0162 0.7173 386.7 1131.3 0.2058 0.1206 0.5859
M896_060490 FUN_000676-T1 0.0199 123.0 360.0 0.5241 0.0054 0.0103 0.7343 128.4 375.6 0.2674 0.1441 0.5391
M896_060510 FUN_002274-T1 0.0000 228.5 668.5 0.7186 0.0000 0.0000 0.5321 217.0 635.0 0.1262 0.0642 0.5085
M896_060540 FUN_001474-T1 0.0048 196.4 574.6 0.0010 0.0000 0.0062 0.5946 192.6 563.4 0.1047 0.0624 0.5955
M896_060550 FUN_003621-T1 0.0213 300.4 878.6 0.0010 0.0000 0.0278 0.6389 297.3 869.7 0.1041 0.0667 0.6408
M896_060570 FUN_001529-T1 0.0119 122.3 357.7 99.0000 0.0053 0.0001 1.0513 188.0 550.0 0.2456 0.1966 0.8005
M896_060620 FUN_000941-T1 0.0641 144.4 422.6 0.3137 0.0137 0.0438 0.5043 129.2 377.8 0.1818 0.0783 0.4308
M896_060640 FUN_000213-T1 0.0163 675.6 1976.4 0.9008 0.0053 0.0059 0.7468 667.2 1951.8 0.1676 0.1099 0.6557
M896_060680 FUN_001502-T1 0.0584 139.9 409.1 0.4106 0.0143 0.0347 0.4558 136.0 398.0 0.0710 0.0351 0.4939
M896_060690 FUN_002559-T1 0.0248 230.0 673.0 0.5919 0.0070 0.0119 0.6229 348.5 1019.5 0.1215 0.0730 0.6013
M896_060700 FUN_001470-T1 0.0138 347.0 1015.0 0.0613 0.0009 0.0153 0.8069 324.8 950.2 0.1398 0.1048 0.7493
M896_060760 FUN_000410-T1 0.0230 459.3 1343.7 0.0545 0.0014 0.0259 0.6435 456.3 1334.7 0.1335 0.0808 0.6056
M896_060790 FUN_004313-T1 0.0109 90.9 266.1 0.0010 0.0000 0.0142 0.7482 98.6 288.4 0.1474 0.1008 0.6840
M896_060900 FUN_003113-T1 0.0135 551.8 1614.2 0.0833 0.0012 0.0142 0.7782 499.8 1462.2 0.1742 0.1175 0.6746
M896_060940 FUN_002657-T1 0.0213 263.7 771.3 0.0511 0.0012 0.0243 0.7542 201.8 590.2 0.1897 0.1204 0.6347
M896_070050 FUN_000076-T1 0.0147 308.0 901.0 0.1616 0.0021 0.0131 1.6192 56.6 165.4 0.5299 0.4402 0.8308
M896_070060 FUN_000541-T1 0.0220 185.0 541.0 0.4147 0.0054 0.0130 1.4273 53.5 156.5 0.4547 0.3645 0.8014
M896_070070 FUN_004379-T1 0.0059 162.8 476.2 0.0010 0.0000 0.0077 1.7197 30.6 89.4 0.4531 0.4384 0.9676
M896_070140 FUN_001048-T1 0.0153 687.1 2009.9 0.0255 0.0005 0.0187 1.8840 42.8 125.2 0.2029 0.3139 1.5469
M896_070160 FUN_003980-T1 0.0000 57.3 167.7 0.6366 0.0000 0.0000 2.8822 24.5 71.5 0.8106 0.9068 1.1186
M896_070180 FUN_001018-T1 0.0044 230.0 673.0 0.0010 0.0000 0.0057 1.4489 62.7 183.3 0.6052 0.4142 0.6843
M896_070230 FUN_000192-T1 0.0188 103.9 304.1 0.0010 0.0000 0.0245 2.0104 32.1 93.9 0.4532 0.5126 1.1311
M896_070240 FUN_000191-T1 0.0000 74.1 216.9 0.8803 0.0000 0.0000 2.0278 39.0 114.0 0.2387 0.3729 1.5624
M896_070270 FUN_003391-T1 0.0114 342.4 1001.6 0.0010 0.0000 0.0148 2.1836 74.1 216.9 0.2484 0.4110 1.6548
M896_070340 FUN_002710-T1 0.0290 206.3 603.7 0.0010 0.0000 0.0378 2.0742 76.4 223.6 0.5288 0.5635 1.0656
M896_070380 FUN_003308-T1 0.0132 257.6 753.4 0.2542 0.0025 0.0099 1.4764 31.3 91.7 0.4921 0.3897 0.7919
M896_070420 FUN_002959-T1 0.0689 148.3 433.7 0.2547 0.0132 0.0517 1.5982 42.8 125.2 0.4876 0.4203 0.8618
M896_070430 FUN_002215-T1 0.0000 129.2 377.8 0.5786 0.0000 0.0000 1.6500 68.0 199.0 0.6091 0.4727 0.7761
M896_070450 FUN_001080-T1 0.0674 521.2 1524.8 0.9693 0.0223 0.0230 1.5019 61.1 178.9 0.4485 0.3812 0.8500
M896_070510 FUN_004359-T1 0.0174 216.3 632.7 0.0010 0.0000 0.0227 0.6662 214.8 628.2 0.0869 0.0604 0.6950
M896_070520 FUN_001085-T1 0.0071 385.2 1126.8 0.1243 0.0008 0.0068 0.6291 371.4 1086.6 0.0950 0.0612 0.6441
M896_070570 FUN_001033-T1 0.0320 176.5 516.5 0.0507 0.0018 0.0365 0.4806 174.3 509.7 0.0755 0.0389 0.5151
M896_070580 FUN_001032-T1 0.0247 312.6 914.4 0.2081 0.0042 0.0201 1.3545 258.3 755.7 0.3361 0.3003 0.8937
M896_080020 FUN_003725-T1 0.0252 196.4 574.6 0.4903 0.0066 0.0135 0.5520 194.9 570.1 0.1047 0.0579 0.5530
M896_080060 FUN_003756-T1 0.0327 174.3 509.7 0.0504 0.0019 0.0373 0.8147 170.4 498.6 0.1620 0.1172 0.7232
M896_080090 FUN_002988-T1 0.0424 321.8 941.2 0.5256 0.0115 0.0219 0.6341 223.9 655.1 0.1999 0.1047 0.5235
M896_080100 FUN_003717-T1 0.0510 298.8 874.2 0.3228 0.0111 0.0343 0.6768 286.6 838.4 0.1532 0.0937 0.6116
M896_080170 FUN_003381-T1 0.0129 463.1 1354.9 0.0468 0.0007 0.0149 0.7082 554.9 1623.1 0.1278 0.0862 0.6744
M896_080180 FUN_001168-T1 0.0323 239.2 699.8 0.3047 0.0068 0.0224 0.6466 227.7 666.3 0.1238 0.0769 0.6211
M896_080190 FUN_003657-T1 0.0128 208.6 610.4 0.1280 0.0016 0.0122 0.7694 210.2 614.8 0.1459 0.1029 0.7056
M896_080200 FUN_003661-T1 0.0258 252.2 737.8 0.0431 0.0013 0.0299 0.6847 277.4 811.6 0.0862 0.0617 0.7154
M896_080210 FUN_002021-T1 0.1044 381.4 1115.6 0.2575 0.0201 0.0779 0.6200 555.6 1625.4 0.0981 0.0618 0.6303
M896_080230 FUN_003653-T1 0.0264 91.7 268.3 0.1531 0.0037 0.0239 0.7791 220.9 646.1 0.2345 0.1418 0.6046
M896_080240 FUN_004048-T1 0.0457 288.9 845.1 0.1710 0.0068 0.0398 0.7446 256.0 749.0 0.1241 0.0887 0.7148
M896_080250 FUN_003468-T1 0.0144 743.6 2175.4 0.5369 0.0039 0.0073 0.7239 596.9 1746.1 0.1891 0.1153 0.6098
M896_080280 FUN_003652-T1 0.0080 185.7 543.3 99.0000 0.0036 0.0000 0.4840 176.5 516.5 0.0842 0.0428 0.5081
M896_080320 FUN_003647-T1 0.0110 279.7 818.3 0.0010 0.0000 0.0143 0.5585 227.0 664.0 0.1117 0.0615 0.5509
M896_080350 FUN_003640-T1 0.0179 496.0 1451.0 0.6474 0.0052 0.0081 0.7923 378.3 1106.7 0.2130 0.1361 0.6387
M896_080390 FUN_003627-T1 0.0000 95.5 279.5 0.0010 0.0000 0.0000 0.6329 97.1 283.9 0.2000 0.1045 0.5225
M896_080400 FUN_003624-T1 0.0096 382.9 1120.1 99.0000 0.0043 0.0000 0.8511 331.7 970.3 0.1742 0.1285 0.7377
M896_080410 FUN_004305-T1 0.0265 460.8 1348.2 0.1085 0.0029 0.0264 0.5387 429.5 1256.5 0.0970 0.0533 0.5490
M896_080420 FUN_003623-T1 0.0178 153.6 449.4 0.0010 0.0000 0.0233 0.5462 140.6 411.4 0.2026 0.0909 0.4488
M896_080530 FUN_003771-T1 0.0355 486.8 1424.2 0.1716 0.0053 0.0309 0.8449 392.1 1146.9 0.2005 0.1397 0.6968
M896_080580 FUN_001375-T1 0.0283 154.4 451.6 0.3258 0.0062 0.0190 0.7079 163.6 478.4 0.1762 0.1077 0.6112
M896_080600 FUN_000833-T1 0.0315 162.0 474.0 0.0556 0.0020 0.0354 0.7188 164.3 480.7 0.0751 0.0579 0.7712
M896_080680 FUN_002247-T1 0.0245 150.6 440.4 0.0839 0.0022 0.0258 0.8078 134.5 393.5 0.2298 0.1452 0.6320
M896_080750 FUN_002209-T1 0.0257 393.6 1151.4 0.3540 0.0058 0.0165 0.6565 370.7 1084.3 0.1152 0.0740 0.6425
M896_080760 FUN_003824-T1 0.0338 539.6 1578.4 0.0298 0.0012 0.0407 0.6405 304.2 889.8 0.0920 0.0607 0.6604
M896_080890 FUN_003013-T1 0.0277 174.3 509.7 0.5510 0.0076 0.0139 0.7862 146.0 427.0 0.0860 0.0707 0.8219
M896_080900 FUN_003912-T1 0.0075 248.4 726.6 0.0010 0.0000 0.0098 0.8509 237.7 695.3 0.2688 0.1675 0.6233
M896_080910 FUN_003409-T1 0.0392 92.5 270.5 0.0010 0.0001 0.0512 0.7928 2.3 6.7 0.3775 0.1861 0.4930
M896_080920 FUN_002419-T1 0.0861 67.3 196.7 0.3500 0.0195 0.0556 1.5662 13.0 38.0 0.7371 0.4786 0.6493
M896_080990 FUN_001371-T1 0.0184 155.1 453.9 0.0010 0.0000 0.0240 0.8127 167.4 489.6 0.3047 0.1713 0.5623
M896_081020 FUN_003379-T1 0.0325 402.0 1176.0 0.5454 0.0089 0.0164 0.6668 317.9 930.1 0.1746 0.1008 0.5775
M896_081060 FUN_001396-T1 0.0114 296.5 867.5 0.2577 0.0022 0.0085 0.7011 330.9 968.1 0.1735 0.1056 0.6086
M896_081120 FUN_001662-T1 0.0593 103.9 304.1 0.1899 0.0095 0.0499 0.4760 86.4 252.6 0.1359 0.0606 0.4456
M896_081190 FUN_004698-T1 0.0263 661.8 1936.2 0.2264 0.0047 0.0207 0.5222 504.4 1475.6 0.0762 0.0426 0.5588
M896_081200 FUN_004694-T1 0.0241 68.0 199.0 0.2879 0.0049 0.0171 0.5164 95.5 279.5 0.1300 0.0636 0.4896
M896_081230 FUN_004707-T1 0.0229 304.2 889.8 0.1581 0.0032 0.0205 0.6960 251.4 735.6 0.1488 0.0944 0.6345
M896_081270 FUN_003651-T1 0.0272 207.1 605.9 0.0503 0.0016 0.0311 1.8761 24.5 71.5 0.2687 0.3693 1.3744
M896_081280 FUN_001834-T1 0.0000 110.1 321.9 0.6584 0.0000 0.0000 0.6999 100.9 295.1 0.1847 0.1098 0.5945
M896_081320 FUN_004728-T1 0.0064 124.6 364.4 0.0010 0.0000 0.0084 0.3389 117.7 344.3 0.0365 0.0146 0.4006
M896_081370 FUN_004750-T1 0.0083 204.8 599.2 0.2624 0.0016 0.0061 0.5795 228.5 668.5 0.2131 0.0995 0.4670
M896_081380 FUN_004780-T1 0.0592 607.6 1777.4 0.4608 0.0152 0.0330 0.6208 481.5 1408.5 0.1699 0.0922 0.5426
M896_081460 FUN_004797-T1 0.0143 269.0 787.0 0.0787 0.0012 0.0152 1.0387 126.9 371.1 0.1980 0.1704 0.8606
M896_081580 FUN_004819-T1 0.0311 259.8 760.2 0.1293 0.0038 0.0295 2.3102 41.3 120.7 0.5464 0.6356 1.1634
M896_081620 FUN_003395-T1 0.0114 126.1 368.9 99.0000 0.0051 0.0001 1.7691 13.0 38.0 0.3237 0.3849 1.1890
M896_081670 FUN_004839-T1 0.0161 733.7 2146.3 0.1504 0.0022 0.0147 1.5505 99.4 290.6 0.5965 0.4409 0.7391
M896_090020 FUN_000998-T1 0.0077 138.3 404.7 0.0010 0.0000 0.0101 0.9043 136.0 398.0 0.1037 0.0941 0.9079
M896_090100 FUN_000416-T1 0.0193 107.8 315.2 0.0010 0.0000 0.0252 0.8337 98.6 288.4 0.0667 0.0608 0.9128
M896_090120 FUN_004334-T1 0.0357 437.2 1278.8 0.2476 0.0067 0.0271 0.6445 356.9 1044.1 0.1512 0.0884 0.5847
M896_090130 FUN_000491-T1 0.0147 198.7 581.3 99.0000 0.0066 0.0001 0.7442 202.5 592.5 0.1763 0.1133 0.6424
M896_090140 FUN_003386-T1 0.0692 419.6 1227.4 0.4024 0.0167 0.0416 0.7089 312.6 914.4 0.1663 0.1038 0.6240
M896_090220 FUN_004462-T1 0.0147 380.6 1113.4 0.1180 0.0017 0.0143 0.7610 317.9 930.1 0.2150 0.1314 0.6113
M896_090230 FUN_001964-T1 0.0050 149.0 436.0 99.0000 0.0022 0.0000 0.5002 151.3 442.7 0.1103 0.0546 0.4949
M896_090260 FUN_003167-T1 0.0196 287.4 840.6 0.6271 0.0057 0.0091 0.5540 227.7 666.3 0.1419 0.0727 0.5122
M896_090290 FUN_003869-T1 0.0388 235.4 688.6 0.1584 0.0055 0.0347 0.7275 238.4 697.6 0.2002 0.1202 0.6003
M896_090300 FUN_003157-T1 0.0269 322.5 943.5 0.0680 0.0020 0.0294 0.5966 321.0 939.0 0.0893 0.0553 0.6189
M896_090360 FUN_000071-T1 0.0630 372.2 1088.8 0.2353 0.0115 0.0488 0.7087 394.4 1153.6 0.1240 0.0844 0.6805
M896_090370 FUN_003133-T1 0.0167 103.9 304.1 0.0010 0.0000 0.0218 0.2727 98.6 288.4 0.0548 0.0168 0.3075
M896_090410 FUN_000957-T1 0.0000 95.5 279.5 0.2445 0.0000 0.0000 0.9745 82.5 241.5 0.0924 0.0928 1.0037
M896_090430 FUN_003396-T1 0.0145 125.3 366.7 0.0010 0.0000 0.0189 0.6532 129.9 380.1 0.1151 0.0736 0.6395
M896_090440 FUN_002872-T1 0.0491 152.1 444.9 0.0832 0.0043 0.0516 0.6782 165.1 482.9 0.1355 0.0861 0.6355
M896_090570 FUN_004181-T1 0.0228 328.6 961.4 0.4795 0.0059 0.0124 50.0000 19.1 55.9 0.0035 0.2275 64.7574
M896_090580 FUN_004161-T1 0.0000 78.7 230.3 0.4607 0.0000 0.0000 1.6800 35.2 102.8 0.9057 0.5455 0.6023
M896_090590 FUN_004157-T1 0.0205 531.9 1556.1 0.1235 0.0024 0.0197 1.6653 151.3 442.7 0.4509 0.4237 0.9396
M896_090640 FUN_004175-T1 0.0362 227.7 666.3 0.1234 0.0043 0.0348 1.6280 53.5 156.5 0.4206 0.4017 0.9550
M896_090680 FUN_004515-T1 0.0343 222.4 650.6 0.3076 0.0073 0.0236 1.6740 68.8 201.2 0.4624 0.4305 0.9310
M896_090720 FUN_004124-T1 0.0259 149.8 438.2 0.0010 0.0000 0.0338 2.5553 72.6 212.4 0.2324 0.4625 1.9905
M896_090740 FUN_002584-T1 0.0250 602.2 1761.8 0.2191 0.0044 0.0199 1.7634 85.6 250.4 0.5395 0.4828 0.8949
M896_090750 FUN_004135-T1 0.0000 94.0 275.0 0.8409 0.0000 0.0000 2.2631 67.3 196.7 0.3223 0.4913 1.5241
M896_090770 FUN_004138-T1 0.0271 169.7 496.3 0.0658 0.0020 0.0297 1.9236 50.4 147.6 0.3100 0.4092 1.3198
M896_090860 FUN_004112-T1 0.0171 184.2 538.8 0.8036 0.0054 0.0067 1.9046 25.2 73.8 0.2894 0.3905 1.3497
M896_090910 FUN_002393-T1 0.0000 137.6 402.4 0.4749 0.0000 0.0000 1.4431 22.2 64.8 0.7119 0.4361 0.6126
M896_091020 FUN_004079-T1 0.0000 81.8 239.2 0.1408 0.0000 0.0000 1.4852 61.1 178.9 0.5180 0.4002 0.7725
M896_091150 FUN_004068-T1 0.0080 224.7 657.3 0.0010 0.0000 0.0104 0.6447 223.9 655.1 0.1236 0.0766 0.6196
M896_091200 FUN_000452-T1 0.0000 182.7 534.3 0.7907 0.0000 0.0000 0.6085 185.7 543.3 0.1460 0.0814 0.5580
M896_091230 FUN_002245-T1 0.0136 81.0 237.0 0.0010 0.0000 0.0178 0.7927 79.5 232.5 0.1042 0.0828 0.7949
M896_091280 FUN_001076-T1 0.0227 335.5 981.5 0.2280 0.0041 0.0179 0.5089 267.5 782.5 0.1897 0.0812 0.4283
M896_091320 FUN_004412-T1 0.0116 420.3 1229.7 0.0622 0.0008 0.0129 0.4962 426.5 1247.5 0.0380 0.0222 0.5843
M896_091350 FUN_001170-T1 0.0024 311.1 909.9 99.0000 0.0011 0.0000 0.7120 307.2 898.8 0.1582 0.1008 0.6368
M896_091390 FUN_003991-T1 0.0528 341.6 999.4 0.4400 0.0133 0.0302 0.5469 188.0 550.0 0.1414 0.0716 0.5062
M896_091420 FUN_003970-T1 0.0467 200.2 585.8 0.1580 0.0066 0.0418 0.5892 200.2 585.8 0.0841 0.0520 0.6187
M896_091500 FUN_004078-T1 0.0068 261.4 764.6 0.2275 0.0012 0.0054 0.4493 252.2 737.8 0.0365 0.0194 0.5312
M896_091580 FUN_004345-T1 0.0102 173.5 507.5 0.2356 0.0019 0.0079 1.8412 86.4 252.6 0.4103 0.4492 1.0949
M896_091650 FUN_003716-T1 0.0366 152.9 447.1 0.0010 0.0000 0.0477 3.0897 30.6 89.4 0.1427 0.4070 2.8522
M896_091660 FUN_003265-T1 0.0086 214.8 628.2 0.0010 0.0000 0.0112 2.3111 51.2 149.8 0.1705 0.3440 2.0176
M896_091700 FUN_004571-T1 0.0065 263.7 771.3 0.2523 0.0012 0.0049 1.7562 84.8 248.2 0.3511 0.3980 1.1336
M896_091710 FUN_004570-T1 0.0070 132.2 386.8 0.0010 0.0000 0.0092 1.6445 59.6 174.4 0.5473 0.4528 0.8272
M896_091730 FUN_004566-T1 0.0231 210.2 614.8 0.5235 0.0062 0.0119 2.5702 45.9 134.1 0.2366 0.4703 1.9873
M896_091760 FUN_004558-T1 0.0097 345.4 1010.6 0.2646 0.0019 0.0072 1.6469 60.4 176.6 0.3914 0.3932 1.0046
M896_091790 FUN_004547-T1 0.0174 659.6 1929.4 0.2091 0.0029 0.0141 1.9274 100.1 292.9 0.6460 0.5638 0.8727
M896_100030 FUN_001946-T1 0.0404 507.5 1484.5 0.6148 0.0116 0.0189 0.7575 266.0 778.0 0.2121 0.1297 0.6116
M896_100070 FUN_004703-T1 0.0312 134.5 393.5 0.0010 0.0000 0.0407 0.5920 69.5 203.5 0.8009 0.1856 0.2317
M896_100130 FUN_003575-T1 0.0163 271.3 793.7 0.1658 0.0024 0.0144 0.5470 228.5 668.5 0.1103 0.0597 0.5412
M896_100190 FUN_003577-T1 0.0137 240.7 704.3 0.0978 0.0014 0.0140 0.5447 234.6 686.4 0.0916 0.0515 0.5621
M896_100220 FUN_004504-T1 0.0332 330.9 968.1 0.2975 0.0069 0.0232 0.5936 322.5 943.5 0.1933 0.0959 0.4961
M896_100230 FUN_001301-T1 0.0345 265.2 775.8 0.0649 0.0025 0.0379 0.4980 219.3 641.7 0.1795 0.0767 0.4273
M896_100250 FUN_000576-T1 0.0504 203.3 594.7 0.8556 0.0161 0.0188 0.5414 144.4 422.6 0.1216 0.0636 0.5225
M896_100270 FUN_002796-T1 0.0318 214.8 628.2 0.1742 0.0048 0.0276 0.5990 204.1 596.9 0.0665 0.0436 0.6562
M896_100280 FUN_004146-T1 0.0161 160.5 469.5 0.1364 0.0021 0.0151 0.7453 157.4 460.6 0.1359 0.0948 0.6978
M896_100290 FUN_003482-T1 0.0267 84.8 248.2 0.0010 0.0000 0.0349 0.7388 162.0 474.0 0.1411 0.0966 0.6842
M896_100320 FUN_001079-T1 0.0273 245.3 717.7 0.4077 0.0066 0.0163 0.7461 202.5 592.5 0.1727 0.1120 0.6486
M896_100430 FUN_003527-T1 0.0092 369.1 1079.9 0.2541 0.0018 0.0069 0.5188 266.7 780.3 0.0986 0.0519 0.5269
M896_100440 FUN_004362-T1 0.0080 118.5 346.5 0.0010 0.0000 0.0105 0.6468 116.2 339.8 0.0809 0.0553 0.6844
M896_100560 FUN_002880-T1 0.0234 148.3 433.7 0.2434 0.0043 0.0179 0.6184 133.0 389.0 0.1007 0.0629 0.6250
M896_100570 FUN_001148-T1 0.0227 111.6 326.4 0.4670 0.0059 0.0125 0.6245 116.2 339.8 0.1493 0.0849 0.5688
M896_100600 FUN_003340-T1 0.0074 221.6 648.4 0.2864 0.0015 0.0053 0.6164 207.1 605.9 0.0635 0.0432 0.6802
M896_110010 FUN_003492-T1 0.0173 60.4 176.6 0.0010 0.0000 0.0225 1.5630 7.6 22.4 1.7212 0.5833 0.3389
M896_110020 FUN_002307-T1 0.0085 335.5 981.5 0.1168 0.0010 0.0083 0.6228 337.8 988.2 0.0873 0.0567 0.6492
M896_110120 FUN_000515-T1 0.0233 631.3 1846.7 0.1132 0.0026 0.0229 0.5486 364.6 1066.4 0.0980 0.0547 0.5580
M896_110130 FUN_003493-T1 0.0284 163.6 478.4 0.0628 0.0020 0.0314 1.7355 14.5 42.5 0.4316 0.4331 1.0037
M896_110160 FUN_001083-T1 0.0121 293.5 858.5 0.0884 0.0011 0.0126 0.8085 321.8 941.2 0.1487 0.1096 0.7372
M896_110170 FUN_003206-T1 0.0172 218.6 639.4 0.0814 0.0015 0.0182 0.6311 206.3 603.7 0.0838 0.0556 0.6632
M896_110210 FUN_003067-T1 0.0265 268.3 784.7 0.0889 0.0024 0.0275 0.7949 241.5 706.5 0.2227 0.1403 0.6298
M896_110250 FUN_004139-T1 0.0135 76.4 223.6 0.0010 0.0000 0.0177 0.6694 71.8 210.2 0.1808 0.1036 0.5728
M896_110270 FUN_003433-T1 0.0307 174.3 509.7 0.1293 0.0038 0.0292 0.6570 117.7 344.3 0.1410 0.0858 0.6086
M896_110280 FUN_003431-T1 0.0087 191.8 561.2 0.2664 0.0017 0.0064 0.6885 174.3 509.7 0.1071 0.0735 0.6860
M896_110330 FUN_000901-T1 0.0339 272.1 795.9 0.4102 0.0083 0.0202 0.7158 215.5 630.5 0.1955 0.1165 0.5958
M896_110350 FUN_003411-T1 0.0318 193.4 565.6 1.2925 0.0112 0.0087 0.5851 669.5 1958.5 0.0744 0.0468 0.6287
M896_110360 FUN_003418-T1 0.0275 389.0 1138.0 0.5335 0.0075 0.0140 0.7469 302.6 885.4 0.1336 0.0939 0.7027
M896_110410 FUN_003405-T1 0.0455 146.7 429.3 0.1753 0.0069 0.0393 0.3942 136.0 398.0 0.0434 0.0199 0.4577
M896_110460 FUN_003378-T1 0.0145 298.8 874.2 0.0703 0.0011 0.0158 0.5311 260.6 762.4 0.0547 0.0328 0.5991
M896_120010 FUN_002699-T1 0.0351 128.4 375.6 0.1654 0.0051 0.0310 1.8127 34.4 100.6 0.4634 0.4666 1.0068
M896_120020 FUN_002556-T1 0.0184 279.0 816.0 0.1883 0.0029 0.0155 1.6091 41.3 120.7 0.4489 0.4086 0.9102
M896_120130 FUN_002522-T1 0.0223 434.1 1269.9 0.2052 0.0037 0.0182 2.3716 130.7 382.3 0.2837 0.4810 1.6959
M896_120150 FUN_002534-T1 0.0397 159.7 467.3 0.7672 0.0123 0.0160 2.0738 31.3 91.7 0.3690 0.4815 1.3050
M896_120160 FUN_002515-T1 0.0000 89.4 261.6 0.7879 0.0000 0.0000 1.6052 38.2 111.8 0.7061 0.4838 0.6851
M896_120220 FUN_002649-T1 0.0142 402.0 1176.0 0.0500 0.0008 0.0162 1.7999 35.2 102.8 0.4307 0.4489 1.0421
M896_120240 FUN_003261-T1 0.0085 120.8 353.2 0.0010 0.0000 0.0111 1.4241 30.6 89.4 0.6723 0.4223 0.6281
M896_120260 FUN_002317-T1 0.0221 151.3 442.7 0.2660 0.0043 0.0163 1.6239 33.6 98.4 0.8523 0.5184 0.6083
M896_120270 FUN_002449-T1 0.0060 446.3 1305.7 0.0010 0.0000 0.0078 1.6158 63.4 185.6 0.4373 0.4056 0.9276
M896_120300 FUN_000950-T1 0.0295 327.1 956.9 0.2775 0.0059 0.0213 1.6664 140.6 411.4 0.3772 0.3910 1.0366
M896_120400 FUN_000649-T1 0.0387 444.0 1299.0 0.1192 0.0045 0.0375 1.7170 38.2 111.8 0.3399 0.3829 1.1265
M896_120410 FUN_000651-T1 0.0236 205.6 601.4 0.5097 0.0063 0.0124 1.8888 69.5 203.5 0.3913 0.4509 1.1524
M896_120420 FUN_000650-T1 0.0000 103.2 301.8 0.8611 0.0000 0.0000 1.6645 41.3 120.7 0.5209 0.4495 0.8629
M896_120470 FUN_002672-T1 0.0248 256.0 749.0 0.1027 0.0026 0.0249 1.9521 26.0 76.0 0.2640 0.3805 1.4412
M896_120500 FUN_000615-T1 0.0076 230.0 673.0 0.2378 0.0014 0.0059 1.8395 117.7 344.3 0.5321 0.5010 0.9414
M896_120520 FUN_001597-T1 0.0164 116.2 339.8 0.0010 0.0000 0.0214 2.1059 58.8 172.2 0.3920 0.5032 1.2835
M896_120580 FUN_004505-T1 0.0327 246.1 719.9 0.2694 0.0065 0.0239 1.6593 63.4 185.6 0.6678 0.4909 0.7351
M896_120590 FUN_000670-T1 0.0000 91.7 268.3 0.8129 0.0000 0.0000 50.0000 5.3 15.7 0.0076 0.4886 63.9936
M896_120720 FUN_000658-T1 0.0085 331.7 970.3 0.0010 0.0000 0.0111 1.4496 56.6 165.4 0.4733 0.3765 0.7954
M896_120750 FUN_000669-T1 0.0332 285.1 833.9 0.1529 0.0046 0.0300 2.2801 123.0 360.0 0.4191 0.5617 1.3403
M896_120780 FUN_002837-T1 0.0128 700.8 2050.2 0.1643 0.0019 0.0113 1.4578 106.2 310.8 0.5958 0.4143 0.6954
M896_120800 FUN_000587-T1 0.0227 122.3 357.7 0.1184 0.0026 0.0221 1.7378 63.4 185.6 0.5497 0.4793 0.8719
M896_120870 FUN_000607-T1 0.0059 160.5 469.5 0.0010 0.0000 0.0077 1.7961 44.3 129.7 0.1814 0.2785 1.5353
M896_120900 FUN_000562-T1 0.0000 90.2 263.8 0.3726 0.0000 0.0000 2.0923 19.9 58.1 0.2374 0.3835 1.6157
M896_120910 FUN_000560-T1 0.0451 356.9 1044.1 0.6513 0.0132 0.0203 1.5802 40.5 118.5 0.4833 0.4140 0.8565
M896_121000 FUN_002463-T1 0.0195 389.0 1138.0 0.4495 0.0049 0.0110 1.6473 40.5 118.5 0.5332 0.4490 0.8420
M896_121050 FUN_002795-T1 0.0163 345.4 1010.6 0.1174 0.0019 0.0159 1.9825 52.0 152.0 0.4177 0.4877 1.1674
M896_121070 FUN_002517-T1 0.0286 446.3 1305.7 0.0441 0.0015 0.0332 1.8295 122.3 357.7 0.5451 0.5029 0.9226
M896_121080 FUN_002507-T1 0.0179 203.3 594.7 0.0010 0.0000 0.0233 2.1121 79.5 232.5 0.3564 0.4822 1.3530
M896_121100 FUN_002138-T1 0.0164 175.8 514.2 0.1126 0.0018 0.0161 1.8763 61.1 178.9 0.4059 0.4556 1.1223
M896_121110 FUN_004294-T1 0.0076 228.5 668.5 0.2499 0.0014 0.0057 1.6202 46.6 136.4 0.6995 0.4868 0.6959
M896_121170 FUN_000904-T1 0.0245 275.9 807.1 0.2627 0.0048 0.0181 1.6678 48.1 140.9 0.5966 0.4742 0.7949
M896_121200 FUN_000555-T1 0.0144 115.4 337.6 0.2734 0.0029 0.0105 1.9097 46.6 136.4 0.6750 0.5670 0.8400
M896_121380 FUN_002611-T1 0.0463 278.2 813.8 0.1354 0.0059 0.0434 1.8969 100.9 295.1 0.2795 0.3817 1.3654
M896_121390 FUN_000544-T1 0.0219 112.3 328.7 0.5167 0.0059 0.0114 1.9052 35.2 102.8 0.3415 0.4259 1.2470
M896_121400 FUN_000542-T1 0.0195 254.5 744.5 0.1458 0.0026 0.0179 1.4750 25.2 73.8 0.4425 0.3722 0.8412
M896_121470 FUN_000854-T1 0.0073 227.7 666.3 0.2661 0.0014 0.0054 1.5106 27.5 80.5 0.8385 0.4800 0.5724
M896_121510 FUN_002399-T1 0.0734 175.8 514.2 0.0681 0.0055 0.0801 1.5291 35.2 102.8 0.3036 0.3217 1.0597
M896_121540 FUN_000145-T1 0.0000 156.7 458.3 0.7578 0.0000 0.0000 1.9371 29.8 87.2 0.6435 0.5658 0.8793
M896_121560 FUN_003531-T1 0.0219 94.8 277.2 0.0010 0.0000 0.0286 1.7500 21.4 62.6 0.7986 0.5481 0.6863
M896_121570 FUN_000130-T1 0.0902 216.3 632.7 0.4443 0.0228 0.0513 1.6688 42.8 125.2 0.5703 0.4667 0.8184
M896_121580 FUN_000129-T1 0.0448 308.8 903.2 0.4014 0.0108 0.0270 1.6978 13.0 38.0 0.2749 0.3385 1.2313
M896_121600 FUN_000127-T1 0.0406 298.8 874.2 0.0218 0.0011 0.0500 1.4532 36.7 107.3 0.5005 0.3862 0.7717
M896_121670 FUN_000646-T1 0.0229 324.0 948.0 0.3311 0.0050 0.0152 1.5786 100.1 292.9 0.8656 0.5062 0.5847
M896_121690 FUN_002956-T1 0.0268 165.8 485.2 0.0680 0.0020 0.0293 1.6576 69.5 203.5 0.4886 0.4362 0.8928
M896_121740 FUN_000886-T1 0.0389 149.0 436.0 0.0494 0.0022 0.0445 1.8316 71.1 207.9 0.3740 0.4280 1.1445
M896_121750 FUN_002948-T1 0.0079 299.6 876.4 0.5689 0.0022 0.0039 1.6813 47.4 138.6 0.2629 0.3269 1.2436
M896_121780 FUN_002946-T1 0.0522 531.2 1553.8 0.3415 0.0117 0.0341 1.7118 126.9 371.1 0.3943 0.4101 1.0401
M896_121800 FUN_002943-T1 0.0274 233.1 681.9 0.4595 0.0070 0.0153 2.0859 62.7 183.3 0.3222 0.4527 1.4050
M896_121810 FUN_003333-T1 0.0223 339.3 992.7 0.1434 0.0029 0.0205 1.9034 188.0 550.0 0.5022 0.5066 1.0087
M896_121820 FUN_004616-T1 0.0117 144.4 422.6 0.2534 0.0022 0.0088 1.9250 42.8 125.2 0.5857 0.5437 0.9283
M896_121920 FUN_004730-T1 0.0099 168.9 494.1 0.2596 0.0019 0.0074 1.4844 61.9 181.1 0.3846 0.3515 0.9140
M896_121940 FUN_003342-T1 0.0101 91.7 268.3 0.0010 0.0000 0.0131 5.4709 12.2 35.8 0.0308 0.2022 6.5670
