M896_010100 0.00148679605627 0.00193947891109 1.16895516273 1.34 752.966666667 0.32 198.033333333 "BUSCO"
M896_010160 0.0 0.0 None 0.0 534.666666667 0.0 128.333333333 "BUSCO"
M896_010190 0.0035068031982 0.00418871252205 0.779725520902 1.58 401.766666667 0.32 102.233333333 "BUSCO"
M896_010200 0.00151757150362 0.0020784353811 1.69266140567 5.18 2584.73333333 0.92 676.266666667 "BUSCO"
M896_010220 0.00161963694103 0.00231640575283 1.65168124353 0.42 707.966666667 1.4 165.033333333 "BUSCO"
M896_010230 0.00170766068782 0.00198604401503 0.625888321833 0.74 648.9 0.74 179.1 "BUSCO"
M896_010240 0.0 0.0 None 0.0 329.333333333 0.0 75.6666666667 "BUSCO"
M896_010290 0.000722874769691 0.00040899795501 -1.11173317656 0.0 379.333333333 0.18 109.666666667 "BUSCO"
M896_010320 0.0 0.0 None 0.0 832.0 0.0 224.0 "BUSCO"
M896_010360 0.0 0.0 None 0.0 407.0 0.0 103.0 "BUSCO"
M896_010370 0.00368214335811 0.00480324074074 1.16895516273 1.24 317.233333333 0.42 66.7666666667 "BUSCO"
M896_010490 0.00311245325365 0.00447239692523 1.85068904965 2.72 628.2 0.48 166.8 "BUSCO"
M896_010520 0.00352942773497 0.00535927632702 2.35919830749 5.32 1036.43333333 0.96 265.566666667 "BUSCO"
M896_010540 0.00223160203522 0.00297418630752 1.47492300288 1.32 1242.93333333 2.92 341.066666667 "BUSCO"
M896_010550 0.00114954719473 0.0016982836495 1.83270352383 0.9 980.033333333 0.98 249.966666667 "BUSCO"
M896_010580 0.00361266895513 0.00478686233403 1.47898934751 1.86 991.933333333 3.62 280.066666667 "BUSCO"
M896_010600 0.000818254079581 0.00082304526749 0.0149919947447 0.0 342.666666667 0.32 89.3333333333 "BUSCO"
M896_010640 0.00149623603123 0.00176366843034 0.686229081932 1.5 762.033333333 0.0 182.966666667 "BUSCO"
M896_010690 0.000855897729731 0.00112994350282 1.15198436679 1.26 996.433333333 0.0 242.566666667 "BUSCO"
M896_010760 0.00277820525217 0.0034006267016 1.04175349377 3.12 1703.1 3.5 459.9 "BUSCO"
M896_010830 0.00497867270956 0.00699008868023 1.67137218298 2.47 335.833333333 0.21 90.1666666667 "BUSCO"
M896_010910 0.000601166262549 0.000793650793651 0.819795688532 0.0 466.0 0.42 122.0 "BUSCO"
M896_010960 0.000888601715382 0.00129601698229 1.83847050307 0.0 1566.66666667 2.32 422.333333333 "BUSCO"
M896_011000 0.0 0.0 None 0.0 211.0 0.0 56.0 "BUSCO"
M896_011040 0.00677175789998 0.0106428267348 2.29221835257 2.5 210.666666667 0.0 50.3333333333 "BUSCO"
M896_011050 0.000538030079725 0.000575004227972 0.221711048181 0.5 1040.5 0.18 273.5 "BUSCO"
M896_011090 0.00248473158905 0.00294323180006 0.864595807513 6.32 2187.83333333 0.84 515.166666667 "BUSCO"
M896_011100 0.00145211287362 0.00153886280647 0.253037066406 1.76 1336.13333333 0.6 367.866666667 "BUSCO"
M896_011150 0.00122102163171 0.00130493187488 0.221711048181 0.0 461.333333333 0.68 117.666666667 "BUSCO"
M896_011160 0.00121004967866 0.00131222364855 0.364296164805 0.0 1817.66666667 2.76 519.333333333 "BUSCO"
M896_011170 0.00135435158 0.00130552007947 -0.149160387917 0.68 1245.66666667 1.16 320.333333333 "BUSCO"
M896_011180 0.000888793224373 0.0011095146871 1.05186305803 2.78 2225.36666667 0.0 558.633333333 "BUSCO"
M896_011220 0.00271821214802 0.00318733979717 0.817985372131 4.58 2369.06666667 4.0 621.933333333 "BUSCO"
M896_011240 0.0 0.0 None 0.0 252.0 0.0 66.0 "BUSCO"
M896_011250 0.00222878790907 0.00287702582785 1.33964883905 4.74 1923.9 1.42 455.1 "BUSCO"
M896_011270 0.00368214335811 0.00422453703704 0.565547561733 0.98 294.0 0.48 90.0 "BUSCO"
M896_011310 0.0010305707358 0.00123096857791 0.699617375091 1.14 806.733333333 0.0 222.266666667 "BUSCO"
M896_011330 0.00219361731973 0.00285657998424 1.38417177659 5.38 1773.46666667 0.42 482.533333333 "BUSCO"
M896_011390 0.00105204095946 0.00143298059965 1.30277336403 1.3 808.733333333 0.0 199.266666667 "BUSCO"
M896_011400 0.00228793373708 0.00237324703344 0.154261707233 1.98 743.766666667 0.0 183.233333333 "BUSCO"
M896_011450 0.003038559562 0.00409635997029 1.52436127493 2.52 848.533333333 1.34 198.466666667 "BUSCO"
M896_011490 0.00179890973221 0.00257280180944 1.65168124353 0.5 622.0 1.32 164.0 "BUSCO"
M896_011500 0.00132391671303 0.00139409071993 0.203503001134 0.92 834.766666667 0.42 233.233333333 "BUSCO"
M896_011510 0.00190661144757 0.00249310799473 1.2334733704 1.66 743.566666667 0.42 183.433333333 "BUSCO"
M896_011530 0.00211966771091 0.00275132275132 1.38566078029 2.92 2259.93333333 4.1 575.066666667 "BUSCO"
M896_011540 0.00362549499876 0.00376068376068 0.143162241034 1.14 307.633333333 0.18 82.3666666667 "BUSCO"
M896_011550 0.00227845334867 0.00284428074483 1.05186305803 0.68 853.0 2.1 233.0 "BUSCO"
M896_011560 0.00147285734325 0.0012037037037 -0.657483600019 0.6 568.3 0.18 151.7 "BUSCO"
M896_011570 0.00121921672168 0.0017300375024 1.91888713366 2.0 3237.1 4.32 821.9 "BUSCO"
M896_011580 0.00205814126567 0.00252304706453 0.867251362232 1.14 550.666666667 0.42 136.333333333 "BUSCO"
M896_011590 0.00334740305283 0.00458754208754 1.48555550901 1.25 409.5 0.93 118.5 "BUSCO"
M896_011610 0.00398069552229 0.00570570570571 1.73763764762 2.28 355.5 0.0 88.5 "BUSCO"
M896_011620 0.00541049636294 0.00752078609221 1.70787824573 3.48 468.2 0.5 119.8 "BUSCO"
M896_011670 0.00200986929569 0.00255863539446 1.17797748662 2.24 1120.26666667 1.0 286.733333333 "BUSCO"
M896_011730 0.00179548323748 0.00253968253968 1.78823847798 1.46 1261.93333333 2.14 313.066666667 "BUSCO"
M896_011760 0.00217581198434 0.00265151515152 0.994874419527 1.48 1675.7 3.56 436.3 "BUSCO"
M896_011780 0.000475115272015 0.000746714456392 1.46363864356 0.0 592.0 0.5 152.0 "BUSCO"
M896_011810 0.00100279648902 0.0012293144208 0.867251362232 0.0 1108.53333333 1.56 301.466666667 "BUSCO"
M896_011860 0.00291448802904 0.00400471142521 1.58441371911 3.06 688.866666667 0.0 160.133333333 "BUSCO"
M896_011870 0.001732773345 0.00156136528686 -0.35590560555 0.36 489.366666667 0.5 122.633333333 "BUSCO"
M896_011890 0.00173642128888 0.00201169590643 0.671469728684 2.58 1142.96666667 0.0 282.033333333 "BUSCO"
M896_011910 0.00290039599901 0.0034415954416 0.863781812544 5.62 1552.06666667 0.42 397.933333333 "BUSCO"
M896_011920 0.0 0.0 None 0.0 772.666666667 0.0 184.333333333 "BUSCO"
M896_011990 0.00137811213403 0.00108295429933 -0.690979992648 0.32 410.4 0.18 102.6 "BUSCO"
M896_012010 0.00245476223874 0.00300068587106 1.09598592482 16.92 8361.36666667 11.08 2006.63333333 "BUSCO"
M896_012030 0.00242445653209 0.00377991159884 2.24180192484 0.98 577.866666667 1.5 151.133333333 "BUSCO"
M896_012050 0.000601166262549 0.000642479213908 0.221711048181 0.0 930.666666667 0.68 245.333333333 "BUSCO"
M896_012160 0.00317502181778 0.00390330450211 1.00439652433 3.52 789.533333333 0.0 212.466666667 "BUSCO"
M896_012180 0.00234718301712 0.00324627416261 1.69784139307 3.4 1207.46666667 1.0 298.533333333 "BUSCO"
M896_012190 0.001422069159 0.00201787994891 1.77461038378 1.98 1398.8 1.18 341.2 "BUSCO"
M896_012220 0.00203152736999 0.00283099191145 1.62802616939 1.66 819.933333333 1.0 224.066666667 "BUSCO"
M896_012260 0.0018362896747 0.00286676286676 2.32156238688 2.0 908.833333333 0.98 246.166666667 "BUSCO"
M896_012270 0.00170491525263 0.00226271287365 1.43260278953 1.16 1457.73333333 2.64 408.266666667 "BUSCO"
M896_012290 0.00376621055807 0.00456621004566 0.89970572629 2.28 515.9 0.42 141.1 "BUSCO"
M896_012310 0.00388445892724 0.00537240537241 1.37816786265 0.9 215.433333333 0.42 57.5666666667 "BUSCO"
M896_012320 0.001717617893 0.00215959399633 1.03180765951 0.74 807.633333333 1.26 221.366666667 "BUSCO"
M896_012330 0.000942628699677 0.00133333333333 1.33722232031 0.42 604.0 0.48 146.0 "BUSCO"
M896_012340 0.000507881842499 0.000510855683269 0.0149919947447 0.0 557.666666667 0.32 138.333333333 "BUSCO"
M896_012350 0.00186290256853 0.00266432440345 1.85604525479 2.32 1209.46666667 1.32 308.533333333 "BUSCO"
M896_012420 0.00232556422618 0.00303768680962 1.34084430413 2.66 1091.53333333 1.08 276.466666667 "BUSCO"
M896_012480 0.00108099621523 0.00156303092083 1.43863243595 0.5 516.833333333 0.42 137.166666667 "BUSCO"
M896_020060 0.00149782102703 0.00225988700565 2.10483231891 2.38 1113.3 0.5 302.7 "BUSCO"
M896_020110 0.000673306214055 0.0010582010582 1.46363864356 0.5 410.0 0.0 115.0 "BUSCO"
M896_020120 0.00259534333612 0.00352422907489 1.43513908129 0.42 543.633333333 1.74 137.366666667 "BUSCO"
M896_020130 0.00297046859142 0.00298786181139 0.0210668875362 0.0 286.333333333 0.96 70.6666666667 "BUSCO"
M896_020140 0.00201991864217 0.00296296296296 1.67974585712 0.0 412.533333333 1.4 112.466666667 "BUSCO"
M896_020150 0.00453186874845 0.00516381766382 0.601619883667 2.08 489.233333333 0.82 134.766666667 "BUSCO"
M896_020170 0.00110741153628 0.00136452241715 0.930974804068 0.48 1276.33333333 1.48 319.666666667 "BUSCO"
M896_020180 0.00103358410052 0.00136452241715 0.819795688532 0.42 279.0 0.0 63.0 "BUSCO"
M896_020190 0.000804290699383 0.000846922007332 0.203503001134 1.34 1404.66666667 0.0 353.333333333 "BUSCO"
M896_020230 0.00175863563373 0.00251520176893 1.65168124353 1.0 635.166666667 0.82 168.833333333 "BUSCO"
M896_020240 0.0020141638882 0.00276986388097 1.61872153593 2.68 1129.23333333 0.82 274.766666667 "BUSCO"
M896_020300 0.0 0.0 None 0.0 418.333333333 0.0 115.666666667 "BUSCO"
M896_020410 0.00121975763416 0.00134958975539 0.426810526847 0.0 1127.0 1.76 322.0 "BUSCO"
M896_020420 0.00238841731337 0.003003003003 1.16223737494 2.14 1421.53333333 2.66 354.466666667 "BUSCO"
M896_020440 0.00110120175196 0.00166147455867 1.3026779048 0.48 250.666666667 0.0 70.3333333333 "BUSCO"
M896_020450 0.00165110122555 0.00228355744279 1.71522817761 0.5 1840.83333333 4.34 514.166666667 "BUSCO"
M896_020480 0.00206716820105 0.00207927225471 0.018890816886 0.0 272.666666667 0.64 69.3333333333 "BUSCO"
M896_020490 0.0013019733421 0.00102312257008 -0.690979992648 0.32 441.333333333 0.18 101.666666667 "BUSCO"
M896_020500 0.000969782612837 0.00121932632221 0.987932882432 0.42 1163.33333333 1.18 294.666666667 "BUSCO"
M896_020570 0.00178528162818 0.00127197904976 -1.03445609311 0.5 460.333333333 0.18 133.666666667 "BUSCO"
M896_020580 0.00183901920227 0.0015607580825 -0.692991725891 3.46 2166.8 0.32 524.2 "BUSCO"
M896_020620 0.0 0.0 None 0.0 668.333333333 0.0 180.666666667 "BUSCO"
M896_020710 0.00080337673268 0.00114898989899 1.65168124353 0.32 1396.66666667 2.12 364.333333333 "BUSCO"
M896_020800 0.00132604519649 0.00161962605693 0.937745059224 1.6 1498.66666667 1.12 367.333333333 "BUSCO"
M896_020840 0.00220928601487 0.00324074074074 1.67974585712 0.98 376.166666667 0.42 103.833333333 "BUSCO"
M896_020860 0.00115518223 0.000653594771242 -1.11173317656 0.18 252.333333333 0.0 53.6666666667 "BUSCO"
M896_020900 0.000770121486665 0.00101670297749 1.03299197336 0.84 719.633333333 0.0 198.366666667 "BUSCO"
M896_020990 0.000756928827364 0.000650329129987 -0.506694602784 0.5 1116.13333333 0.32 284.866666667 "BUSCO"
M896_021030 0.00119420865669 0.00167667667668 1.45356236126 1.34 695.566666667 0.0 192.433333333 "BUSCO"
M896_021060 0.00171041497925 0.00221027479092 1.27967198053 2.9 1476.56666667 0.8 383.433333333 "BUSCO"
M896_021070 0.000951765649917 0.00143600789804 2.04013621396 2.4 1454.86666667 0.0 402.133333333 "BUSCO"
M896_021090 0.00159400145373 0.00196007696008 1.09331283958 4.2 4432.7 5.58 1111.3 "BUSCO"
M896_021170 0.00100536337423 0.00133990645936 1.33430622585 1.32 1408.33333333 0.8 349.666666667 "BUSCO"
M896_021180 0.00155037615079 0.00238095238095 2.26912171193 3.42 1269.26666667 0.0 326.733333333 "BUSCO"
M896_021190 0.0012611622511 0.00164231509797 1.28009905563 2.58 1540.83333333 0.32 421.166666667 "BUSCO"
M896_021210 0.00327301631832 0.0042695473251 1.16895516273 0.92 337.833333333 0.74 94.1666666667 "BUSCO"
M896_021250 0.00145467391926 0.00181069958848 0.98139123179 1.5 977.566666667 0.48 237.433333333 "BUSCO"
M896_021260 0.00190046108806 0.00195937873357 0.137412661759 3.1 1478.96666667 0.18 381.033333333 "BUSCO"
M896_021300 0.00115802051557 0.0011466011466 -0.0378600392659 1.08 970.966666667 0.18 250.033333333 "BUSCO"
M896_021310 0.0 0.0 None 0.0 434.666666667 0.0 114.333333333 "BUSCO"
M896_021320 0.00153024139558 0.0018278018278 0.804451911126 2.28 1113.43333333 0.0 272.566666667 "BUSCO"
M896_021370 0.00244204326341 0.00355018230666 1.95775542002 2.72 907.233333333 0.98 250.766666667 "BUSCO"
M896_021380 0.00137009985418 0.00201550387597 1.88888693079 0.9 1018.2 1.44 271.8 "BUSCO"
M896_021400 0.000471314349839 0.000474074074074 0.0149919947447 0.32 592.333333333 0.0 157.666666667 "BUSCO"
M896_021420 0.00311098580752 0.00430265248747 1.65262492434 1.84 715.033333333 1.68 193.966666667 "BUSCO"
M896_021430 0.00167370152642 0.00195707070707 0.750438234773 2.4 1673.13333333 1.32 438.866666667 "BUSCO"
M896_021470 0.00178528162818 0.00229646896314 1.30294755552 1.84 2048.2 3.48 525.8 "BUSCO"
M896_021500 0.00171595030281 0.00217547644732 1.10787400628 0.68 969.633333333 1.74 266.366666667 "BUSCO"
M896_021510 0.00284933995279 0.00370897213002 1.40285614462 4.44 1694.13333333 2.6 414.866666667 "BUSCO"
M896_021520 0.000433193336249 0.000435729847495 0.0149919947447 0.32 639.0 0.0 177.0 "BUSCO"
M896_021550 0.000866386672498 0.00127087872186 1.67974585712 0.0 970.333333333 1.4 253.666666667 "BUSCO"
M896_021560 0.00146189314466 0.00211377630732 1.78805407535 0.5 947.2 1.8 261.8 "BUSCO"
M896_021600 0.00167528797336 0.00217658416711 1.07658986818 0.5 506.666666667 0.74 126.333333333 "BUSCO"
M896_021610 0.00114396686854 0.00129449838188 0.47343387924 0.9 742.3 0.18 184.7 "BUSCO"
M896_021680 0.00257165567868 0.00329218106996 1.25458937747 3.48 1215.23333333 1.0 296.766666667 "BUSCO"
M896_021690 0.00166542173088 0.00261745844785 2.19474808443 2.0 672.833333333 0.0 176.166666667 "BUSCO"
M896_021710 0.00187029503904 0.00199882422105 0.221711048181 0.68 292.0 0.0 86.0 "BUSCO"
M896_021750 0.000608933268525 0.000861326442722 1.33722232031 0.48 924.333333333 0.42 236.666666667 "BUSCO"
M896_021800 0.00199510556456 0.00232403718459 0.766627664553 5.4 2413.1 0.9 598.9 "BUSCO"
M896_021810 0.00238037550424 0.00239431350542 0.022480720834 1.28 473.933333333 0.0 120.066666667 "BUSCO"
M896_021860 0.0 0.0 None 0.0 473.0 0.0 115.0 "BUSCO"
M896_021880 0.0014111208079 0.000798403193613 -1.40085080218 0.18 399.666666667 0.18 101.333333333 "BUSCO"
M896_030090 0.00187029503904 0.00246913580247 1.3561777215 2.94 1054.9 0.0 268.1 "BUSCO"
M896_030160 0.000818254079581 0.00108024691358 0.819795688532 0.42 343.233333333 0.0 88.7666666667 "BUSCO"
M896_030180 0.00231036445999 0.00312273057371 1.45464211502 2.58 714.666666667 0.0 203.333333333 "BUSCO"
M896_030190 0.00213863469028 0.00292582989212 1.73545948644 8.08 2756.26666667 1.06 714.733333333 "BUSCO"
M896_030200 0.00312819258742 0.00323391237846 0.14798399394 2.96 789.833333333 0.0 227.166666667 "BUSCO"
M896_030290 0.00111685864891 0.00161488502721 1.71202200363 1.34 1009.96666667 0.5 256.033333333 "BUSCO"
M896_030300 0.00187029503904 0.00293944738389 2.0567183502 1.5 448.833333333 0.0 118.166666667 "BUSCO"
M896_030320 0.00176155695538 0.00156269226037 -0.494325403855 2.54 1447.26666667 0.0 358.733333333 "BUSCO"
M896_030370 0.000566483593556 0.000534188034188 -0.183929414409 0.42 987.433333333 0.18 260.566666667 "BUSCO"
M896_030400 0.00159659332601 0.00220817022985 1.53597193673 2.2 888.6 0.0 218.4 "BUSCO"
M896_030430 0.00281381701396 0.00313985627418 0.49990971844 2.84 805.333333333 0.0 199.666666667 "BUSCO"
M896_030450 0.00118420690914 0.00178671133445 1.64145266725 0.96 473.4 0.0 123.6 "BUSCO"
M896_030480 0.00158691700282 0.0022945504427 1.71202200363 1.84 716.566666667 0.0 174.433333333 "BUSCO"
M896_030560 0.00074732719319 0.00103359173127 1.37816786265 0.5 1126.0 0.82 293.0 "BUSCO"
M896_030570 0.0014111208079 0.00204036371701 1.43863243595 0.92 402.0 0.0 99.0 "BUSCO"
M896_030620 0.00234985786957 0.00327107734515 1.66049238498 2.1 835.933333333 1.0 217.066666667 "BUSCO"
M896_030640 0.00271420865422 0.0034628124059 1.28248859434 3.1 1754.83333333 3.8 459.166666667 "BUSCO"
M896_030670 0.00102459641269 0.0012667740204 0.850406372326 0.5 814.166666667 0.68 220.833333333 "BUSCO"
M896_030680 0.0 0.0 None 0.0 378.666666667 0.0 86.3333333333 "BUSCO"
M896_030710 0.0 0.0 None 0.0 384.333333333 0.0 95.6666666667 "BUSCO"
M896_030720 0.000689056067016 0.00108295429933 1.84427289854 0.5 821.333333333 0.5 204.666666667 "BUSCO"
M896_030740 0.00184829156799 0.00124909222948 -1.24467524126 0.36 603.866666667 0.5 161.133333333 "BUSCO"
M896_030800 0.00198031239428 0.00230314347961 0.625888321833 0.0 573.0 1.48 141.0 "BUSCO"
M896_030820 0.00165596933727 0.00235435435435 1.9190938275 5.38 2199.4 0.5 575.6 "BUSCO"
M896_030840 0.00286388927853 0.00403806584362 1.73657105084 2.16 704.5 0.98 159.5 "BUSCO"
M896_030850 0.000904634068788 0.00099523707969 0.384525281433 0.18 1224.93333333 1.22 338.066666667 "BUSCO"
M896_030930 0.00205685813521 0.00260459961208 1.1279417239 2.82 944.633333333 0.0 258.366666667 "BUSCO"
M896_030950 0.00124030092063 0.00124756335283 0.0149919947447 0.32 231.066666667 0.0 53.9333333333 "BUSCO"
M896_030990 0.0 0.0 None 0.0 373.0 0.0 101.0 "BUSCO"
M896_031020 0.00113296718711 0.0011396011396 0.0149919947447 0.32 254.066666667 0.0 57.9333333333 "BUSCO"
M896_031030 0.00187525603384 0.00222025739267 0.830965203811 4.34 1816.36666667 0.18 445.633333333 "BUSCO"
M896_031050 0.00162624148313 0.00184023421163 0.589222221702 3.54 1928.16666667 0.42 462.833333333 "BUSCO"
M896_031060 0.00104273086247 0.000819403474271 -0.690979992648 0.5 549.4 0.0 128.6 "BUSCO"
M896_031080 0.00188525739935 0.00148148148148 -0.690979992648 0.18 304.0 0.32 71.0 "BUSCO"
M896_031100 0.00097111473181 0.000793650793651 -0.657483600019 0.36 881.4 0.42 210.6 "BUSCO"
M896_031120 0.00130920652733 0.00102880658436 -0.690979992648 0.5 428.766666667 0.0 111.233333333 "BUSCO"
M896_031150 0.00156064354251 0.00161883738043 0.143162241034 1.32 724.033333333 0.0 181.966666667 "BUSCO"
M896_031160 0.00193161618786 0.00256021048371 1.46984724814 4.74 1740.53333333 0.32 455.466666667 "BUSCO"
M896_031170 0.000992937534773 0.00145651269247 1.93144826454 1.98 1691.33333333 0.82 444.666666667 "BUSCO"
M896_031220 0.0 0.0 None 0.0 215.0 0.0 52.0 "BUSCO"
M896_031240 0.0014111208079 0.00110889332446 -0.690979992648 0.5 400.466666667 0.0 100.533333333 "BUSCO"
M896_031250 0.000741060298489 0.000955043093408 0.931581857715 0.82 756.033333333 0.0 197.966666667 "BUSCO"
M896_031270 0.000486894989503 0.000329048056321 -1.24467524126 0.86 2328.53333333 0.0 575.466666667 "BUSCO"
M896_031280 0.00128074551587 0.00138888888889 0.324184521333 0.96 878.2 0.42 225.8 "BUSCO"
M896_031290 0.00149150110708 0.00169714017815 0.611114240906 3.62 1903.7 0.0 466.3 "BUSCO"
M896_031340 0.00151062291615 0.000854700854701 -1.11173317656 0.0 187.333333333 0.18 46.6666666667 "BUSCO"
M896_031360 0.00459072418674 0.0049062049062 0.247250383388 0.84 177.233333333 0.18 53.7666666667 "BUSCO"
M896_031410 0.00156064354251 0.00166789305862 0.221711048181 0.5 357.0 0.18 96.0 "BUSCO"
M896_031420 0.000860062682187 0.000486618004866 -1.11173317656 0.0 326.0 0.18 85.0 "BUSCO"
M896_031460 0.00129198012565 0.00151072124756 0.678892665457 1.68 1085.56666667 0.18 282.433333333 "BUSCO"
M896_040050 0.00183248192006 0.00236161511434 1.27986941147 4.1 1553.63333333 0.0 375.366666667 "BUSCO"
M896_040110 0.0023358090025 0.00365475607766 2.47253229072 4.48 1078.5 0.0 283.5 "BUSCO"
M896_040120 0.00229536209337 0.0032227032227 1.67137218298 2.68 741.833333333 0.0 182.166666667 "BUSCO"
M896_040150 0.00194222946362 0.0024013024013 0.850406372326 1.18 424.0 0.0 122.0 "BUSCO"
M896_040180 0.00157524849545 0.00150524856407 -0.17818660582 1.16 877.966666667 0.36 244.033333333 "BUSCO"
M896_040250 0.00208915935212 0.00262674021539 1.03180765951 1.68 679.666666667 0.32 166.333333333 "BUSCO"
M896_040330 0.00147285734325 0.00132716049383 -0.35590560555 0.86 571.333333333 0.0 148.666666667 "BUSCO"
M896_040350 0.0012023325251 0.00173847316704 1.43863243595 0.5 477.0 0.42 111.0 "BUSCO"
M896_040390 0.00167370152642 0.00218855218855 1.2334733704 1.08 834.633333333 1.0 221.366666667 "BUSCO"
M896_040440 0.00185348339824 0.00250520183104 1.61039750458 5.1 2134.06666667 0.92 535.933333333 "BUSCO"
M896_040450 0.0011782858746 0.00185185185185 1.46363864356 0.5 233.5 0.0 66.5 "BUSCO"
M896_040490 0.00127244694881 0.00142388608911 0.477226954569 1.78 1118.83333333 0.0 270.166666667 "BUSCO"
M896_040550 0.00318455641783 0.0042042042042 1.03299197336 0.84 172.466666667 0.0 49.5333333333 "BUSCO"
M896_040570 0.0 0.0 None 0.0 446.0 0.0 103.0 "BUSCO"
M896_040610 0.00266925602659 0.00311638499341 0.709509061618 2.42 738.8 0.18 188.2 "BUSCO"
M896_040620 0.000542988882303 0.000819252432156 1.3026779048 0.48 517.533333333 0.0 133.466666667 "BUSCO"
M896_040670 0.00144574953938 0.00154510338559 0.263843761233 0.86 788.066666667 0.5 189.933333333 "BUSCO"
M896_040700 0.00203152736999 0.00163473818646 -0.783183738486 0.98 688.766666667 0.3 181.233333333 "BUSCO"
M896_040720 0.00147285734325 0.00222222222222 1.95338504403 1.92 762.733333333 0.0 197.266666667 "BUSCO"
M896_040740 0.000973789979006 0.00140801958984 1.43863243595 0.92 582.333333333 0.0 143.666666667 "BUSCO"
M896_040750 0.000952791812342 0.00141759009684 2.01814029173 2.42 1774.23333333 0.42 451.766666667 "BUSCO"
M896_040790 0.0020690787077 0.00273156705689 1.50021775212 7.02 2585.43333333 0.96 660.566666667 "BUSCO"
M896_040840 0.00155037615079 0.00126705653021 -0.657483600019 0.78 540.4 0.0 143.6 "BUSCO"
M896_040870 0.00244457650331 0.00270477946826 0.426810526847 1.76 574.933333333 0.0 148.066666667 "BUSCO"
M896_040900 0.000519068667223 0.000815793767336 1.46363864356 0.5 538.0 0.0 143.0 "BUSCO"
M896_040920 0.00217395917822 0.00243269099358 0.477226954569 1.28 640.666666667 0.5 172.333333333 "BUSCO"
M896_040960 0.00155241880711 0.0014053579271 -0.419883313709 1.88 1818.76666667 1.0 458.233333333 "BUSCO"
M896_040980 0.000844649372471 0.000663746183459 -0.690979992648 0.18 673.433333333 0.32 163.566666667 "BUSCO"
M896_041040 0.00207627466889 0.00249632892805 0.872846990938 2.26 1080.26666667 0.8 281.733333333 "BUSCO"
M896_041050 0.00222738350585 0.00302457466919 1.58638219798 3.16 1285.23333333 1.16 301.766666667 "BUSCO"
M896_041060 0.00304729105499 0.00373563218391 0.934489951905 1.42 546.0 0.92 150.0 "BUSCO"
M896_041070 0.001717617893 0.00157650361732 -0.329435888986 1.46 815.066666667 0.0 213.933333333 "BUSCO"
M896_041080 0.00148212059698 0.00191008618682 0.931581857715 0.82 378.8 0.0 98.2 "BUSCO"
M896_041090 0.0015710478328 0.00237037037037 1.64145266725 0.48 363.333333333 0.48 86.6666666667 "BUSCO"
M896_041120 0.00231036445999 0.00286855482934 0.927592122332 1.58 481.6 0.0 130.4 "BUSCO"
M896_041140 0.00172642618989 0.00200786867454 0.625888321833 0.5 640.166666667 0.98 178.833333333 "BUSCO"
M896_041170 0.00187029503904 0.00242994317068 1.07658986818 0.82 449.466666667 0.42 117.533333333 "BUSCO"
M896_041190 0.00332692482239 0.00381699346405 0.665329118245 2.48 1005.26666667 1.9 269.733333333 "BUSCO"
M896_041200 0.00156332769603 0.00203112203112 1.42994881387 7.82 4882.3 3.34 1222.7 "BUSCO"
M896_041220 0.00108597776461 0.00139955623827 0.931581857715 0.82 521.666666667 0.0 129.333333333 "BUSCO"
M896_041290 0.00129838663867 0.0015100499949 0.703330048893 2.48 1736.03333333 0.48 441.966666667 "BUSCO"
M896_041330 0.00145917755368 0.0021557160876 1.83270352383 1.88 764.833333333 0.0 204.166666667 "BUSCO"
M896_041340 0.00248774368917 0.00365394184972 2.0990938444 3.42 1243.1 1.72 319.9 "BUSCO"
M896_041400 0.00115518223 0.00174291938998 1.3026779048 0.48 241.266666667 0.0 64.7333333333 "BUSCO"
M896_041430 0.00136692096821 0.00180458881155 1.28388979812 1.92 1020.43333333 0.18 272.566666667 "BUSCO"
M896_041530 0.00228793373708 0.00312837108954 1.41031820313 1.74 497.466666667 0.0 120.533333333 "BUSCO"
M896_041540 0.00139030781663 0.0016497323282 0.80504021412 2.1 1635.9 0.92 398.1 "BUSCO"
M896_041560 0.00381322289514 0.00520196571977 1.61424699675 2.84 767.166666667 1.5 159.833333333 "BUSCO"
M896_041570 0.00177376368219 0.00187972919156 0.253037066406 1.86 1132.33333333 0.5 262.666666667 "BUSCO"
M896_041580 0.00231793942544 0.00216150576806 -0.279198428696 0.68 712.733333333 1.1 202.266666667 "BUSCO"
M896_041600 0.00161963694103 0.00241822578592 1.89304428393 1.4 703.7 0.5 169.3 "BUSCO"
M896_041610 0.00208915935212 0.00253918220821 0.992175018224 4.24 2036.23333333 1.56 501.766666667 "BUSCO"
M896_041630 0.00309058590058 0.0045415907711 2.02556219684 2.0 725.833333333 1.74 189.166666667 "BUSCO"
M896_041640 0.0 0.0 None 0.0 266.333333333 0.0 69.6666666667 "BUSCO"
M896_041680 0.0012023325251 0.00128495842782 0.221711048181 0.68 465.766666667 0.0 122.233333333 "BUSCO"
M896_041710 0.0010305707358 0.00107979699816 0.171855884771 1.0 801.7 0.0 227.3 "BUSCO"
M896_041770 0.00177185845804 0.00167084377611 -0.183929414409 0.6 309.233333333 0.0 89.7666666667 "BUSCO"
M896_041820 0.00129481964241 0.002035002035 1.46363864356 0.0 221.666666667 0.5 51.3333333333 "BUSCO"
M896_041850 0.00196380979099 0.00308641975309 2.0567183502 1.5 428.666666667 0.0 111.333333333 "BUSCO"
M896_041860 0.00125349561127 0.00197005516154 1.46363864356 0.5 225.0 0.0 57.0 "BUSCO"
M896_041870 0.00135643040053 0.00174526022569 1.32034473789 4.96 3107.3 1.18 801.7 "BUSCO"
M896_041950 0.00126019879636 0.00198059021588 1.84427289854 1.0 453.666666667 0.0 107.333333333 "BUSCO"
M896_042040 0.00239651364325 0.00276208411802 0.631067856755 1.18 713.933333333 1.02 171.066666667 "BUSCO"
M896_042070 0.00234484751164 0.00353786622443 1.95338504403 1.92 480.966666667 0.0 122.033333333 "BUSCO"
M896_042100 0.000643872062621 0.00101194090265 1.46363864356 0.5 439.333333333 0.0 109.666666667 "BUSCO"
M896_050040 0.0 0.0 None 0.0 464.666666667 0.0 117.333333333 "BUSCO"
M896_050050 0.000665698234235 0.000627746390458 -0.183929414409 0.6 844.8 0.0 217.2 "BUSCO"
M896_050080 0.00187525603384 0.00223990568818 0.804451911126 1.86 917.966666667 0.42 213.033333333 "BUSCO"
M896_050090 0.00266279293694 0.00380832810211 1.65168124353 1.82 431.666666667 0.0 99.3333333333 "BUSCO"
M896_050100 0.00251463448847 0.00356820234869 1.77461038378 3.16 780.133333333 0.0 203.866666667 "BUSCO"
M896_050130 0.00151062291615 0.00224754669199 1.75514035573 0.42 555.333333333 1.0 146.666666667 "BUSCO"
M896_050140 0.000359233498353 0.000361336946703 0.0149919947447 0.32 768.4 0.0 215.6 "BUSCO"
M896_050150 0.00174560870311 0.00274348422497 1.84427289854 0.0 325.666666667 1.0 79.3333333333 "BUSCO"
M896_050160 0.0014487121409 0.00201882210079 1.62802616939 2.66 1162.0 0.0 302.0 "BUSCO"
M896_050180 0.0 0.0 None 0.0 269.333333333 0.0 63.6666666667 "BUSCO"
M896_050200 0.00104010102423 0.000896735322965 -0.583828258149 1.42 1913.46666667 0.5 465.533333333 "BUSCO"
M896_050240 0.00180811131652 0.00215970446149 0.804451911126 2.28 930.8 0.0 242.2 "BUSCO"
M896_050270 0.000488915300663 0.00076840325803 1.46363864356 0.0 572.333333333 0.5 150.666666667 "BUSCO"
M896_050280 0.00122738111937 0.0014274691358 0.525941395125 0.74 455.733333333 0.0 120.266666667 "BUSCO"
M896_050320 0.00136480989336 0.002145002145 2.0567183502 1.0 621.5 0.5 155.5 "BUSCO"
M896_050340 0.00439658908432 0.00668877833057 2.09055264168 2.0 315.333333333 0.42 86.6666666667 "BUSCO"
M896_050350 0.000616903599265 0.000620515803762 0.0149919947447 0.32 460.666666667 0.0 112.333333333 "BUSCO"
M896_050380 0.00156271336153 0.0022792022792 1.83847050307 1.82 905.666666667 0.5 225.333333333 "BUSCO"
M896_050390 0.00293001816063 0.00369712518913 1.19907799914 5.12 1341.93333333 0.5 347.066666667 "BUSCO"
M896_050420 0.00100851858025 0.0011729275638 0.525941395125 1.28 561.766666667 0.0 140.233333333 "BUSCO"
M896_050450 0.00201072674846 0.00260396915687 1.18305694268 1.24 699.166666667 0.82 179.833333333 "BUSCO"
M896_050470 0.000561088511713 0.000881834215168 1.46363864356 0.0 502.333333333 0.5 127.666666667 "BUSCO"
M896_050500 0.00290422574725 0.00333854981742 0.63343039575 1.34 679.433333333 1.22 172.566666667 "BUSCO"
M896_050540 0.00109607988335 0.000887166236003 -0.822322429505 1.32 2050.03333333 0.74 529.966666667 "BUSCO"
M896_050550 0.00248583517847 0.0028129395218 0.583249442133 3.1 1147.53333333 0.5 274.466666667 "BUSCO"
M896_050580 0.000338587894999 0.000532141336739 1.46363864356 0.5 814.833333333 0.0 229.166666667 "BUSCO"
M896_050630 0.00163084550117 0.00196505617498 0.925614395563 3.1 2102.86666667 1.5 498.133333333 "BUSCO"
M896_050660 0.00253006169392 0.00286298568507 0.557351729881 2.1 778.833333333 0.42 199.166666667 "BUSCO"
M896_050680 0.00244838623293 0.00299182299182 1.02747933224 5.24 1824.7 0.98 485.3 "BUSCO"
M896_050720 0.0 0.0 None 0.0 461.333333333 0.0 105.666666667 "BUSCO"
M896_050740 0.00141394304952 0.00185185185185 1.28125806065 2.32 1217.23333333 0.18 282.766666667 "BUSCO"
M896_050750 0.00266781707456 0.00285115303983 0.284299748012 2.04 628.2 0.0 166.8 "BUSCO"
M896_050760 0.00102907063284 0.00109978974608 0.221711048181 0.18 555.666666667 0.5 131.333333333 "BUSCO"
M896_050800 0.0016508383532 0.00216643964455 1.34749442866 2.34 1368.36666667 1.0 344.633333333 "BUSCO"
M896_050820 0.0016713274817 0.00235093249278 1.75433508957 3.1 1339.86666667 0.48 352.133333333 "BUSCO"
M896_050840 0.000836850763208 0.000883838383838 0.225144815958 1.68 1654.8 0.0 457.2 "BUSCO"
M896_050850 0.000780321771256 0.000441501103753 -1.11173317656 0.18 364.733333333 0.0 88.2666666667 "BUSCO"
M896_050870 0.00549866741478 0.00681481481481 1.01382372509 2.76 362.133333333 0.0 87.8666666667 "BUSCO"
M896_050900 0.00165955756985 0.00156494522692 -0.183929414409 0.6 330.866666667 0.0 95.1333333333 "BUSCO"
M896_050960 0.000542988882303 0.00058030380611 0.221711048181 0.68 1036.6 0.0 265.4 "BUSCO"
M896_050990 0.00136692096821 0.00139211136891 0.0738955327913 1.44 1046.46666667 0.18 246.533333333 "BUSCO"
M896_051040 0.000711238958509 0.00111781801923 2.0567183502 0.5 1187.0 1.0 304.0 "BUSCO"
M896_051060 0.0003496397254 0.000549510935268 1.46363864356 0.5 797.5 0.0 213.5 "BUSCO"
M896_051130 0.00109100543944 0.00126886145405 0.525941395125 0.74 518.466666667 0.0 129.533333333 "BUSCO"
M896_051150 0.00120849833292 0.00159544159544 1.03299197336 0.84 458.766666667 0.0 126.233333333 "BUSCO"
M896_051160 0.00152177142476 0.00193613047242 1.2837960939 6.9 3936.46666667 1.6 941.533333333 "BUSCO"
M896_051200 0.000748118015617 0.00115226337449 1.7428627829 0.98 754.1 0.0 190.9 "BUSCO"
M896_051220 0.00219556374148 0.00230043708305 0.171855884771 1.0 389.033333333 0.0 93.9666666667 "BUSCO"
M896_051230 0.0 0.0 None 0.0 240.333333333 0.0 59.6666666667 "BUSCO"
M896_051240 0.00141962153566 0.00133868808568 -0.183929414409 0.6 397.633333333 0.0 100.366666667 "BUSCO"
M896_051250 0.00113608830884 0.00137741046832 0.89970572629 2.22 1729.4 0.48 448.6 "BUSCO"
M896_051340 0.00163650815916 0.00181755829904 0.398039380622 0.74 529.8 0.32 118.2 "BUSCO"
M896_051350 0.00197202656836 0.00272741360607 1.65262492434 3.02 1125.56666667 0.5 308.433333333 "BUSCO"
M896_051360 0.000942628699677 0.00136296296296 1.71202200363 1.84 1194.56666667 0.0 305.433333333 "BUSCO"
M896_051410 0.00191202575999 0.00220869957178 0.669426660485 1.48 1166.6 1.46 312.4 "BUSCO"
M896_051420 0.000642117642832 0.000363306085377 -1.40085080218 0.36 878.666666667 0.0 222.333333333 "BUSCO"
M896_051430 0.00286610077605 0.003003003003 0.209156317539 2.58 906.833333333 0.42 203.166666667 "BUSCO"
M896_051440 0.00149782102703 0.00122410546139 -0.657483600019 0.78 571.666666667 0.0 136.333333333 "BUSCO"
M896_051450 0.0 0.0 None 0.0 450.333333333 0.0 107.666666667 "BUSCO"
M896_051480 0.00163238597236 0.00197779643623 0.947496844037 3.34 1917.16666667 0.9 464.833333333 "BUSCO"
M896_051510 0.00100137609739 0.000818382121498 -0.657483600019 0.6 860.0 0.18 199.0 "BUSCO"
M896_051560 0.0 0.0 None 0.0 262.333333333 0.0 67.6666666667 "BUSCO"
M896_051570 0.00226593437422 0.0025641025641 0.47343387924 0.66 370.066666667 0.42 97.9333333333 "BUSCO"
M896_051620 0.00124466817739 0.00130412102243 0.171855884771 0.0 685.0 1.0 167.0 "BUSCO"
M896_051690 0.0015469836428 0.00183159089067 0.761105897533 0.5 1087.06666667 1.76 283.933333333 "BUSCO"
M896_051700 0.00170354584279 0.00239178937974 1.67137218298 1.0 978.0 1.68 267.0 "BUSCO"
M896_051720 0.00111685864891 0.00129892926101 0.674413870347 1.16 1493.0 1.06 406.0 "BUSCO"
M896_051730 0.00224008721406 0.00239402901 0.27556124368 0.18 628.933333333 1.52 160.066666667 "BUSCO"
M896_051740 0.000436402175777 0.000576131687243 0.819795688532 0.0 650.0 0.42 160.0 "BUSCO"
M896_051750 0.00241640657876 0.00333478009259 1.79191741051 4.28 2463.2 4.94 608.8 "BUSCO"
M896_051780 0.00218201087888 0.00257582685566 0.790293391735 2.06 1137.03333333 1.32 320.966666667 "BUSCO"
M896_051800 0.000611567062939 0.00079456619249 1.07658986818 0.5 1385.33333333 0.74 348.666666667 "BUSCO"
M896_051850 0.00160529410708 0.00177616308406 0.426810526847 0.78 882.733333333 0.98 218.266666667 "BUSCO"
M896_051880 0.00207810559894 0.00233849369652 0.55538464336 1.34 1322.2 2.24 378.8 "BUSCO"
M896_051950 0.00139442115337 0.00149024764409 0.221711048181 0.68 404.833333333 0.0 102.166666667 "BUSCO"
M896_051960 0.00340545050461 0.00492399914365 1.78805407535 2.3 413.0 0.0 106.0 "BUSCO"
M896_051970 0.00202280836841 0.00317914481005 2.19474808443 1.0 554.0 1.0 145.0 "BUSCO"
M896_052020 0.00239245862862 0.00360970107163 1.95338504403 1.42 474.766666667 0.5 116.233333333 "BUSCO"
M896_052040 0.001015763685 0.0014687100894 1.43863243595 0.0 549.333333333 0.92 146.666666667 "BUSCO"
M896_052130 0.0 0.0 None 0.0 248.0 0.0 70.0 "BUSCO"
M896_052150 0.000268402249339 0.000269973846284 0.0149919947447 0.32 1051.53333333 0.0 265.466666667 "BUSCO"
M896_052160 0.00110464300743 0.00152777777778 1.37816786265 0.82 773.2 0.5 186.8 "BUSCO"
M896_052180 0.00127612188584 0.00171145875117 1.41129610143 1.6 1323.06666667 0.96 338.933333333 "BUSCO"
M896_060090 0.00143693399341 0.00166473093302 0.671469728684 2.26 1381.36666667 0.32 340.633333333 "BUSCO"
M896_060120 0.00123251660523 0.00131721679839 0.27556124368 0.6 1155.33333333 1.1 278.666666667 "BUSCO"
M896_060170 0.00161409023917 0.0025367833587 1.46363864356 0.5 171.333333333 0.0 47.6666666667 "BUSCO"
M896_060210 0.00158584909098 0.00200388814117 1.16841021637 1.1 1749.63333333 2.92 479.366666667 "BUSCO"
M896_060290 0.00834779080537 0.0067137169743 -0.960273684532 8.12 1976.6 7.3 480.4 "BUSCO"
M896_060330 0.0 0.0 None 0.0 171.666666667 0.0 35.3333333333 "BUSCO"
M896_060350 0.00126892324957 0.00166381766382 1.31813838857 2.42 1563.9 0.5 386.1 "BUSCO"
M896_060370 0.00161409023917 0.00240148824624 1.75514035573 1.42 516.433333333 0.0 140.566666667 "BUSCO"
M896_060410 0.00133896122113 0.00189393939394 1.33722232031 0.48 423.8 0.42 104.2 "BUSCO"
M896_060450 0.00137187229901 0.00134157443342 -0.0967053004582 1.72 1850.8 1.08 468.2 "BUSCO"
M896_060470 0.000737581142158 0.00100852025735 1.41031820313 1.42 1522.53333333 0.32 394.466666667 "BUSCO"
M896_060520 0.00207932801399 0.00262890341322 1.15732733333 1.1 1197.16666667 2.52 332.833333333 "BUSCO"
M896_060610 0.0 0.0 None 0.0 517.666666667 0.0 124.333333333 "BUSCO"
M896_060630 0.00191368935549 0.00244049153562 1.16598105683 2.34 1010.23333333 0.5 282.766666667 "BUSCO"
M896_060650 0.00211668121185 0.00306054557552 1.6043513585 1.38 399.333333333 0.0 101.666666667 "BUSCO"
M896_060710 0.0014487121409 0.00212507589557 1.67974585712 0.9 582.0 0.5 150.0 "BUSCO"
M896_060720 0.00108764849963 0.0017094017094 2.0567183502 0.0 777.0 1.5 198.0 "BUSCO"
M896_060770 0.000491977400667 0.000711358540169 1.43863243595 0.92 1133.8 0.0 303.2 "BUSCO"
M896_060800 0.00108697958911 0.00146234795681 1.38472265357 1.16 1275.5 0.98 350.5 "BUSCO"
M896_060850 0.00149420310184 0.00197262479871 1.3561777215 2.52 1320.46666667 0.42 335.533333333 "BUSCO"
M896_060880 0.000826867280419 0.000649772579597 -0.690979992648 0.0 680.666666667 0.5 174.333333333 "BUSCO"
M896_060920 0.0017691980099 0.00234308382457 1.49408164831 2.18 2356.1 4.14 640.9 "BUSCO"
M896_060970 0.000476075100847 0.00068836513281 1.43863243595 0.92 1190.8 0.0 294.2 "BUSCO"
M896_070090 0.000685049927091 0.000387596899225 -1.11173317656 0.0 414.333333333 0.18 101.666666667 "BUSCO"
M896_070100 0.00280544255856 0.00304232804233 0.324184521333 0.74 401.0 0.64 103.0 "BUSCO"
M896_070110 0.000755311458075 0.000878442545109 0.525941395125 0.0 740.333333333 0.74 195.666666667 "BUSCO"
M896_070120 0.000775188075393 0.000779727095517 0.0149919947447 0.0 357.0 0.32 99.0 "BUSCO"
M896_070170 0.00185556830645 0.00262467191601 1.33722232031 0.9 302.266666667 0.0 78.7333333333 "BUSCO"
M896_070200 0.000344528033508 0.000346545375785 0.0149919947447 0.32 807.333333333 0.0 218.666666667 "BUSCO"
M896_070260 0.00177758644875 0.0022030651341 1.01382372509 1.84 1121.23333333 0.92 270.766666667 "BUSCO"
M896_070310 0.000650986671048 0.000654798444854 0.0149919947447 0.0 445.333333333 0.32 97.6666666667 "BUSCO"
M896_070330 0.00187029503904 0.00282186948854 2.04013621396 0.0 723.666666667 2.4 221.333333333 "BUSCO"
M896_070360 0.000969782612837 0.000914494741655 -0.183929414409 0.6 575.666666667 0.0 153.333333333 "BUSCO"
M896_070440 0.000907770319412 0.00101580779547 0.477226954569 0.6 1561.73333333 1.18 385.266666667 "BUSCO"
M896_070470 0.00154783037714 0.00169068904701 0.398199553214 2.0 1451.83333333 0.78 375.166666667 "BUSCO"
M896_070490 0.00223371729781 0.00272073020888 0.940653767755 0.84 999.533333333 2.26 266.466666667 "BUSCO"
M896_070530 0.00172152157003 0.00170755170755 -0.0355329768587 1.88 1489.76666667 0.96 358.233333333 "BUSCO"
M896_070550 0.00184107167906 0.00245949074074 1.28963668293 1.7 612.5 0.0 155.5 "BUSCO"
M896_070560 0.000592103454571 0.000930578820026 1.46363864356 0.5 463.0 0.0 134.0 "BUSCO"
M896_070590 0.0 0.0 None 0.0 331.0 0.0 86.0 "BUSCO"
M896_070610 0.0 0.0 None 0.0 710.0 0.0 181.0 "BUSCO"
M896_070630 0.0015236455275 0.00159642401022 0.171855884771 0.18 550.366666667 0.82 145.633333333 "BUSCO"
M896_080040 0.00156409629371 0.00140937397575 -0.35590560555 0.68 549.0 0.18 129.0 "BUSCO"
M896_080110 0.0 0.0 None 0.0 917.333333333 0.0 252.666666667 "BUSCO"
M896_080120 0.00247192840824 0.0029526029526 0.699617375091 0.48 338.2 0.66 90.8 "BUSCO"
M896_080130 0.00121056767938 0.00185185185185 1.90592935297 0.96 719.066666667 0.5 156.933333333 "BUSCO"
M896_080220 0.000711955211237 0.00093991272239 1.03299197336 0.42 799.433333333 0.42 193.566666667 "BUSCO"
M896_080270 0.000475115272015 0.000716845878136 1.3026779048 0.0 595.333333333 0.48 148.666666667 "BUSCO"
M896_080290 0.00101869095786 0.00121677873839 0.699617375091 1.14 836.4 0.0 204.6 "BUSCO"
M896_080300 0.00185348339824 0.00223054515189 0.931720320601 5.36 2169.53333333 0.0 500.466666667 "BUSCO"
M896_080360 0.00141450885306 0.00194744564492 1.6699765943 4.38 1957.56666667 0.0 541.433333333 "BUSCO"
M896_080380 0.00208546172495 0.00327761389708 1.84427289854 1.0 276.5 0.0 62.5 "BUSCO"
M896_080440 0.00119825682162 0.00135593220339 0.47343387924 0.66 701.533333333 0.42 183.466666667 "BUSCO"
M896_080550 0.000665698234235 0.000711445909186 0.221711048181 0.68 856.666666667 0.0 205.333333333 "BUSCO"
M896_080560 0.000965808093932 0.00127504553734 0.819795688532 0.42 295.0 0.0 71.0 "BUSCO"
M896_080570 0.00175047112289 0.00221465662506 1.22755407854 5.64 2612.6 0.8 618.4 "BUSCO"
M896_080590 0.00107442480966 0.00123832038726 0.548828377857 0.68 789.866666667 0.42 197.133333333 "BUSCO"
M896_080660 0.00162298329834 0.0015100499949 -0.279019461264 0.84 883.333333333 0.64 205.666666667 "BUSCO"
M896_080670 0.00123380719853 0.00159007174714 0.931581857715 0.82 450.0 0.0 123.0 "BUSCO"
M896_080710 0.00140830981027 0.00221336874723 2.0567183502 0.5 566.0 1.0 187.0 "BUSCO"
M896_080720 0.00242321002488 0.00316100161859 1.31359104025 2.0 921.233333333 1.32 245.766666667 "BUSCO"
M896_080730 0.000883714405948 0.000759259259259 -0.506694602784 0.0 942.666666667 0.82 257.333333333 "BUSCO"
M896_080740 0.00146674590199 0.00196711234056 1.41129610143 2.38 1151.26666667 0.18 294.733333333 "BUSCO"
M896_080770 0.000381322289514 0.000383555076112 0.0149919947447 0.32 742.8 0.0 184.2 "BUSCO"
M896_080790 0.00140830981027 0.0016526486646 0.624222876474 0.48 597.466666667 0.64 155.533333333 "BUSCO"
M896_080820 0.00109269169205 0.00128227145229 0.71775988394 1.74 1557.43333333 0.5 383.566666667 "BUSCO"
M896_080850 0.000598114657156 0.000789622109419 0.819795688532 0.0 464.666666667 0.42 126.333333333 "BUSCO"
M896_080870 0.00307646442453 0.00404216226671 1.39132860656 3.5 917.0 0.68 232.0 "BUSCO"
M896_080880 0.00375685351321 0.00515297906602 1.66404608871 4.32 825.466666667 0.48 209.533333333 "BUSCO"
M896_080930 0.000633487029353 0.000995619275189 1.46363864356 0.5 442.5 0.0 115.5 "BUSCO"
M896_080960 0.00111509704221 0.000911321416053 -0.657483600019 0.78 753.233333333 0.0 197.766666667 "BUSCO"
M896_081000 0.00135435158 0.000766283524904 -1.11173317656 0.18 202.733333333 0.0 58.2666666667 "BUSCO"
M896_081010 0.000562427625106 0.000813223724918 1.43863243595 0.42 999.1 0.5 257.9 "BUSCO"
M896_081040 0.00209473044373 0.00312757201646 1.89304428393 0.42 529.333333333 1.48 145.666666667 "BUSCO"
M896_081140 0.00253006169392 0.00384003635537 2.19304304606 2.42 797.366666667 0.96 180.633333333 "BUSCO"
M896_081160 0.00262489427509 0.0024935826916 -0.219049947657 2.22 965.2 0.5 246.8 "BUSCO"
M896_081240 0.00282465791855 0.00380517503805 1.4702957203 2.32 700.766666667 0.68 175.233333333 "BUSCO"
M896_081250 0.00124969713972 0.00150392817059 0.861666393355 1.68 1551.86666667 1.0 428.133333333 "BUSCO"
M896_081290 0.0 0.0 None 0.0 800.666666667 0.0 204.333333333 "BUSCO"
M896_081300 0.00166542173088 0.00175369716006 0.203503001134 0.92 672.066666667 0.42 176.933333333 "BUSCO"
M896_081310 0.00169537535913 0.00221156408207 1.31359104025 2.08 1329.2 1.24 338.8 "BUSCO"
M896_081360 0.001386218676 0.00148148148148 0.221711048181 0.68 408.0 0.0 102.0 "BUSCO"
M896_081410 0.00669480610566 0.00707070707071 0.225144815958 0.48 210.6 1.2 53.4 "BUSCO"
M896_081480 0.00239072496295 0.00339237788513 1.97540566373 8.75 2498.96666667 0.73 606.033333333 "BUSCO"
M896_081540 0.00166248447915 0.00188124632569 0.567716495258 2.88 1354.56666667 0.0 346.433333333 "BUSCO"
M896_081570 0.000625085344614 0.000982414775518 1.84427289854 1.0 916.5 0.0 214.5 "BUSCO"
M896_081600 0.00161409023917 0.00233384069001 1.6043513585 0.9 525.633333333 0.48 131.366666667 "BUSCO"
M896_081610 0.000613690559686 0.000713734567901 0.525941395125 0.32 917.733333333 0.42 234.266666667 "BUSCO"
M896_081640 0.00083764398668 0.00115850447604 1.37816786265 1.32 1009.66666667 0.0 256.333333333 "BUSCO"
M896_081660 0.00406305473999 0.00464027245636 0.587721843162 2.18 419.033333333 0.0 102.966666667 "BUSCO"
M896_081680 0.00255040232597 0.0037518037518 1.88888693079 2.34 550.033333333 0.0 142.966666667 "BUSCO"
M896_081730 0.0 0.0 None 0.0 334.666666667 0.0 79.3333333333 "BUSCO"
M896_090050 0.0018362896747 0.00236652236652 1.19456603346 1.96 909.266666667 0.5 245.733333333 "BUSCO"
M896_090110 0.0 0.0 None 0.0 429.333333333 0.0 113.666666667 "BUSCO"
M896_090180 0.00218201087888 0.00255144032922 0.678892665457 1.86 641.7 0.0 168.3 "BUSCO"
M896_090190 0.00140272127928 0.00167548500882 0.746569842032 1.52 792.266666667 0.0 215.733333333 "BUSCO"
M896_090200 0.000340545050461 0.000513808606294 1.3026779048 0.48 824.466666667 0.0 213.533333333 "BUSCO"
M896_090210 0.00166542173088 0.00222483968067 1.28963668293 1.22 673.4 0.48 175.6 "BUSCO"
M896_090240 0.0010305707358 0.00138214015765 1.41129610143 0.9 1599.03333333 1.66 458.966666667 "BUSCO"
M896_090250 0.000540498107613 0.000713557594292 0.819795688532 0.0 518.666666667 0.42 135.333333333 "BUSCO"
M896_090270 0.0 0.0 None 0.0 266.666666667 0.0 75.3333333333 "BUSCO"
M896_090310 0.00372875276771 0.0033286451008 -0.430268744431 0.6 371.233333333 0.82 102.766666667 "BUSCO"
M896_090330 0.00243783284399 0.00362707535121 1.75514035573 0.0 343.0 1.42 92.0 "BUSCO"
M896_090340 0.000558429324453 0.000842548709847 1.3026779048 0.0 500.666666667 0.48 132.333333333 "BUSCO"
M896_090350 0.00548039941673 0.00528280218203 -0.149160387917 1.06 309.6 0.78 77.4 "BUSCO"
M896_090400 0.0 0.0 None 0.0 413.333333333 0.0 114.666666667 "BUSCO"
M896_090450 0.00055189033939 0.00058981698326 0.221711048181 0.68 1032.66666667 0.0 248.333333333 "BUSCO"
M896_090480 0.00119018775212 0.00177702955481 1.89304428393 1.48 965.033333333 0.42 222.966666667 "BUSCO"
M896_090510 0.000890953402342 0.000980186235385 0.384525281433 0.92 1269.73333333 0.48 317.266666667 "BUSCO"
M896_090610 0.00124906629816 0.00193691925141 1.98132385158 1.0 676.666666667 0.48 172.333333333 "BUSCO"
M896_090630 0.00269322485622 0.00406349206349 1.95338504403 1.5 421.333333333 0.42 103.666666667 "BUSCO"
M896_090660 0.00196380979099 0.00201058201058 0.100879734669 1.68 995.533333333 0.6 264.466666667 "BUSCO"
M896_090670 0.000760184435224 0.00100358422939 0.819795688532 0.0 369.533333333 0.42 95.4666666667 "BUSCO"
M896_090690 0.0 0.0 None 0.0 381.666666667 0.0 101.333333333 "BUSCO"
M896_090710 0.00199146908383 0.0029420970266 1.97479427813 1.5 830.466666667 1.32 234.533333333 "BUSCO"
M896_090730 0.00206716820105 0.00298895386615 1.71202200363 1.84 551.366666667 0.0 132.633333333 "BUSCO"
M896_090810 0.000736428671623 0.000787037037037 0.221711048181 0.0 769.333333333 0.68 190.666666667 "BUSCO"
M896_090830 0.00100279648902 0.000945626477541 -0.183929414409 0.6 553.0 0.0 152.0 "BUSCO"
M896_090840 0.00142822530254 0.0013468013468 -0.183929414409 0.6 376.0 0.0 119.0 "BUSCO"
M896_090850 0.000473207178553 0.000713966979027 1.3026779048 0.48 586.133333333 0.0 160.866666667 "BUSCO"
M896_090870 0.00123380719853 0.0014349427962 0.625888321833 1.48 917.733333333 0.0 228.266666667 "BUSCO"
M896_090880 0.00218201087888 0.00210333790581 -0.129722109698 0.92 385.466666667 0.0 100.533333333 "BUSCO"
M896_090960 0.000446320407044 0.000252525252525 -1.11173317656 0.0 643.666666667 0.18 148.333333333 "BUSCO"
M896_091060 0.000807045119587 0.00121765601218 1.3026779048 0.48 344.466666667 0.0 93.5333333333 "BUSCO"
M896_091080 0.00213371687553 0.00169908338922 -0.891945507252 0.64 1163.86666667 1.64 327.133333333 "BUSCO"
M896_091090 0.00106151880594 0.00108108108108 0.0738955327913 0.84 1303.3 0.78 361.7 "BUSCO"
M896_091100 0.0030212458323 0.00326504770949 0.380469308815 4.38 1947.2 2.84 509.8 "BUSCO"
M896_091110 0.000351727126745 0.000199004975124 -1.11173317656 0.0 784.666666667 0.18 220.333333333 "BUSCO"
M896_091120 0.000899454866104 0.00101781170483 0.527643382291 0.64 1544.0 1.16 421.0 "BUSCO"
M896_091160 0.00258018804656 0.00313598269803 0.775011873709 1.16 316.333333333 0.0 94.6666666667 "BUSCO"
M896_091190 0.00251890091957 0.00310548077769 1.08717781425 5.24 2019.0 1.82 507.0 "BUSCO"
M896_091270 0.00179766222199 0.00226023526994 1.15222519966 2.8 1729.66666667 1.6 433.333333333 "BUSCO"
M896_091310 0.00261841305466 0.00357436801881 1.54637438617 0.32 742.333333333 2.72 202.666666667 "BUSCO"
M896_091340 0.0012023325251 0.00120937263794 0.0149919947447 0.0 239.0 0.32 55.0 "BUSCO"
M896_091430 0.00232556422618 0.0031432748538 1.58815873783 2.94 1447.43333333 2.22 376.566666667 "BUSCO"
M896_091440 0.00217195552921 0.00290151903055 1.44920459389 1.32 1035.33333333 2.08 266.666666667 "BUSCO"
M896_091510 0.00213586563371 0.00331207340271 2.27821637328 1.0 798.666666667 1.96 194.333333333 "BUSCO"
M896_091540 0.00108099621523 0.00142711518858 1.03299197336 0.0 515.666666667 0.84 138.333333333 "BUSCO"
M896_091550 0.0010070819441 0.000949667616334 -0.183929414409 0.0 551.0 0.6 151.0 "BUSCO"
M896_091590 0.00221720460274 0.00290720828355 1.31813838857 0.0 892.666666667 2.92 223.333333333 "BUSCO"
M896_091610 0.000315894336353 0.000496475027306 1.46363864356 0.5 887.666666667 0.0 231.333333333 "BUSCO"
M896_091630 0.0 0.0 None 0.0 278.666666667 0.0 72.3333333333 "BUSCO"
M896_091750 0.0015171062763 0.00133524082022 -0.431300104167 0.84 558.3 0.0 140.7 "BUSCO"
M896_091780 0.00111685864891 0.00129892926101 0.525941395125 0.74 501.933333333 0.0 131.066666667 "BUSCO"
M896_091800 0.000807695962425 0.00105734767025 1.43724687327 5.4 6024.2 1.68 1415.8 "BUSCO"
M896_091830 0.000434791835645 0.000246002460025 -1.11173317656 0.18 641.666666667 0.0 171.333333333 "BUSCO"
M896_091840 0.00184107167906 0.00223765432099 0.775011873709 1.16 451.2 0.0 124.8 "BUSCO"
M896_091900 0.000745750553542 0.000750117205813 0.0149919947447 0.32 368.133333333 0.0 105.866666667 "BUSCO"
M896_100090 0.000618522768817 0.000972100709634 1.84427289854 0.5 923.833333333 0.5 219.166666667 "BUSCO"
M896_100120 0.00151548022456 0.00188162438966 0.927592122332 1.58 732.333333333 0.0 200.666666667 "BUSCO"
M896_100170 0.000569220229274 0.000751476113795 0.819795688532 0.42 498.133333333 0.0 122.866666667 "BUSCO"
M896_100210 0.000538850247529 0.000801716350497 1.75514035573 0.0 1553.66666667 1.42 414.333333333 "BUSCO"
M896_100300 0.0 0.0 None 0.0 195.333333333 0.0 47.6666666667 "BUSCO"
M896_100370 0.000697210576684 0.00100810870042 1.43863243595 0.5 796.833333333 0.42 217.166666667 "BUSCO"
M896_100380 0.00144279903012 0.00172335600907 0.699617375091 0.66 584.366666667 0.48 150.633333333 "BUSCO"
M896_100400 0.00172432079209 0.0026738934056 1.98132385158 0.0 485.333333333 1.48 129.666666667 "BUSCO"
M896_100450 0.00274019970836 0.00354374307863 1.2420597227 0.68 711.0 2.2 192.0 "BUSCO"
M896_100460 0.000899454866104 0.000848176420696 -0.183929414409 0.42 625.9 0.18 160.1 "BUSCO"
M896_100480 0.00132391671303 0.000749063670412 -1.11173317656 0.18 215.366666667 0.0 51.6333333333 "BUSCO"
M896_100510 0.00142822530254 0.00222222222222 2.13440732433 0.48 776.6 1.5 213.4 "BUSCO"
M896_100540 0.00196380979099 0.00308641975309 2.19474808443 2.0 576.666666667 0.0 143.333333333 "BUSCO"
M896_100590 0.000673306214055 0.000973544973545 1.43863243595 0.92 829.133333333 0.0 220.866666667 "BUSCO"
M896_110030 0.00226050047884 0.00298427924327 1.38139781707 2.52 991.633333333 0.84 259.366666667 "BUSCO"
M896_110050 0.00119825682162 0.00105461393597 -0.431300104167 0.66 724.0 0.18 161.0 "BUSCO"
M896_110060 0.00156271336153 0.00182729148246 0.678892665457 1.22 903.6 0.64 227.4 "BUSCO"
M896_110070 0.00109100543944 0.00154320987654 1.59134048343 1.3 1034.86666667 0.5 261.133333333 "BUSCO"
M896_110110 0.00154529295029 0.00211293260474 1.41031820313 1.74 744.533333333 0.0 170.466666667 "BUSCO"
M896_110140 0.000884267072868 0.00122298658884 1.47065896323 1.76 1278.33333333 0.0 320.666666667 "BUSCO"
M896_110150 0.000324596659669 0.000428527701255 0.819795688532 0.42 874.766666667 0.0 214.233333333 "BUSCO"
M896_110180 0.00120973909096 0.00142976652217 0.72930909318 1.56 1182.3 0.32 278.7 "BUSCO"
M896_110230 0.00134661242811 0.00175661375661 1.31359104025 0.68 1665.53333333 2.64 434.466666667 "BUSCO"
M896_110240 0.00131585224574 0.00143636021809 0.410084910535 1.62 2345.6 2.2 609.4 "BUSCO"
M896_110290 0.000301351886086 0.000397840295539 0.819795688532 0.0 914.333333333 0.42 258.666666667 "BUSCO"
M896_110370 0.000507335145144 0.000478411673245 -0.218882319566 1.2 2265.46666667 0.0 521.533333333 "BUSCO"
M896_110420 0.00175863563373 0.00276395798784 1.84427289854 1.0 317.166666667 0.0 84.8333333333 "BUSCO"
M896_120040 0.00473542786481 0.00641800192628 1.71491862672 5.9 2041.9 8.76 496.1 "BUSCO"
M896_120070 0.000555795223866 0.000733752620545 0.819795688532 0.42 502.666666667 0.0 133.333333333 "BUSCO"
M896_120090 0.00157806143919 0.00208333333333 1.15198436679 0.84 532.566666667 0.42 139.433333333 "BUSCO"
M896_120100 0.00160936607262 0.00231978319783 2.02171701002 1.32 2447.0 5.1 628.0 "BUSCO"
M896_120180 0.00376048683382 0.00401891252955 0.247250383388 0.42 210.533333333 0.6 71.4666666667 "BUSCO"
M896_120230 0.000745750553542 0.00098452883263 0.819795688532 0.42 373.0 0.0 101.0 "BUSCO"
M896_120290 0.002213898303 0.00297430346143 1.64135658742 5.1 3422.26666667 6.44 888.733333333 "BUSCO"
M896_120310 0.00148679605627 0.00162402149784 0.398199553214 2.1 1508.93333333 0.68 393.066666667 "BUSCO"
M896_120360 0.00099433407139 0.00156274417878 1.84427289854 1.0 556.666666667 0.0 154.333333333 "BUSCO"
M896_120390 0.00129838663867 0.00138761350883 0.263843761233 1.36 855.833333333 0.0 233.166666667 "BUSCO"
M896_120430 0.00127153151935 0.00197175592859 1.98132385158 1.48 662.166666667 0.0 171.833333333 "BUSCO"
M896_120460 0.00119018775212 0.000673400673401 -1.11173317656 0.0 231.0 0.18 66.0 "BUSCO"
M896_120480 0.000904634068788 0.00112319613279 1.04236393298 2.98 2501.06666667 0.18 624.933333333 "BUSCO"
M896_120530 0.00121056767938 0.00139523084729 0.548828377857 1.1 689.533333333 0.0 186.466666667 "BUSCO"
M896_120560 0.00183533625327 0.00244605976693 1.33430622585 2.12 762.866666667 0.0 200.133333333 "BUSCO"
M896_120600 0.0015710478328 0.00182716049383 0.525941395125 0.74 359.333333333 0.0 90.6666666667 "BUSCO"
M896_120620 0.000643872062621 0.000364298724954 -1.11173317656 0.18 434.233333333 0.0 114.766666667 "BUSCO"
M896_120630 0.00202570637466 0.00299267749124 1.97479427813 1.9 835.2 0.92 211.8 "BUSCO"
M896_120650 0.00181274749938 0.00226292226292 1.05186305803 2.6 1082.9 0.18 282.1 "BUSCO"
M896_120670 0.00125349561127 0.0016548463357 1.3561777215 2.02 1561.73333333 0.92 412.266666667 "BUSCO"
M896_120680 0.00167001147581 0.00233304170312 1.73846440753 3.5 1511.23333333 0.5 393.766666667 "BUSCO"
M896_120690 0.00095023054403 0.00149342891278 1.84427289854 1.0 598.0 0.0 146.0 "BUSCO"
M896_120700 0.00142822530254 0.00170594837262 0.746569842032 0.42 762.433333333 1.1 227.566666667 "BUSCO"
M896_120710 0.0033347713432 0.00412299091544 0.850406372326 0.18 251.033333333 1.0 66.9666666667 "BUSCO"
M896_120730 0.00107171024471 0.00157206220875 1.93144826454 1.38 1565.4 2.0 414.6 "BUSCO"
M896_120770 0.00131407346609 0.00167974666116 1.15122001987 0.74 1299.66666667 1.7 314.333333333 "BUSCO"
M896_120790 0.00275622426806 0.00318388564003 0.669426660485 1.92 835.933333333 1.02 190.066666667 "BUSCO"
M896_120810 0.00256149103173 0.00356951154053 1.62802616939 1.92 666.733333333 0.74 161.266666667 "BUSCO"
M896_120830 0.00220240350392 0.00235375562478 0.221711048181 0.68 250.333333333 0.0 70.6666666667 "BUSCO"
M896_120850 0.00076761294762 0.000723850886717 -0.183929414409 0.6 734.433333333 0.0 186.566666667 "BUSCO"
M896_120920 0.0016713274817 0.00227650818667 1.49798812861 0.5 989.8 2.1 279.2 "BUSCO"
M896_120940 0.00253394811741 0.00321784149741 1.19627501515 2.66 1076.23333333 1.38 318.766666667 "BUSCO"
M896_120960 0.00168929874494 0.00177883977167 0.203503001134 0.68 656.233333333 0.66 180.766666667 "BUSCO"
M896_120970 0.00158513794789 0.00215910978243 1.30277336403 0.0 535.0 1.3 134.0 "BUSCO"
M896_120990 0.00205714313703 0.00252182347236 1.05456730576 2.24 2460.6 4.78 632.4 "BUSCO"
M896_121010 0.00190605067949 0.00262527233115 1.68963713316 2.92 1604.13333333 1.9 435.866666667 "BUSCO"
M896_121020 0.00214233795381 0.00296296296296 1.37816786265 0.84 398.766666667 0.48 96.2333333333 "BUSCO"
M896_121030 0.00325044379199 0.00408684546616 0.987932882432 1.6 329.8 0.0 105.2 "BUSCO"
M896_121040 0.000270249053807 0.000356778797146 0.819795688532 0.0 1046.33333333 0.42 261.666666667 "BUSCO"
M896_121120 0.0 0.0 None 0.0 401.333333333 0.0 105.666666667 "BUSCO"
M896_121140 0.0013499183506 0.00162453779475 0.861666393355 2.0 1464.96666667 0.68 368.033333333 "BUSCO"
M896_121160 0.00231449011081 0.0017328042328 -1.12537775661 2.44 1329.5 0.18 350.5 "BUSCO"
M896_121190 0.00232994381982 0.00299225779452 1.20402038976 2.54 850.733333333 0.32 211.266666667 "BUSCO"
M896_121250 0.0010455779092 0.00130451270383 1.12690576352 1.32 3492.4 3.84 902.6 "BUSCO"
M896_121260 0.00355262072743 0.00461567094733 1.23791204705 0.48 477.0 2.0 120.0 "BUSCO"
M896_121280 0.00105204095946 0.00138888888889 0.819795688532 0.42 265.666666667 0.0 70.3333333333 "BUSCO"
M896_121300 0.00153932833973 0.00199700888537 1.33136251082 2.14 1968.53333333 2.4 557.466666667 "BUSCO"
M896_121320 0.00090637374969 0.000968660968661 0.221711048181 0.18 605.666666667 0.5 174.333333333 "BUSCO"
M896_121340 0.00216596668124 0.0020697167756 -0.17818660582 0.92 641.533333333 0.6 174.466666667 "BUSCO"
M896_121350 0.0012475968084 0.00138562091503 0.484431773737 1.34 1998.76666667 1.84 551.233333333 "BUSCO"
M896_121360 0.00126697405871 0.00199123855038 1.46363864356 0.5 220.833333333 0.0 58.1666666667 "BUSCO"
M896_121410 0.00306048279116 0.00458553791887 2.06148630532 1.38 550.1 1.48 142.9 "BUSCO"
M896_121430 0.00258963928483 0.0031746031746 0.934489951905 1.02 640.833333333 1.32 178.166666667 "BUSCO"
M896_121450 0.00340545050461 0.00419610361807 1.02908622251 2.18 836.0 1.74 202.0 "BUSCO"
M896_121460 0.000395397944496 0.000410141685309 0.120300932534 0.66 1427.63333333 0.0 360.366666667 "BUSCO"
M896_121490 0.00128074551587 0.0015834675255 0.850406372326 1.18 665.366666667 0.0 162.633333333 "BUSCO"
M896_121500 0.00090637374969 0.00119658119658 0.819795688532 0.42 302.433333333 0.0 87.5666666667 "BUSCO"
M896_121550 0.00217195552921 0.00204813108039 -0.218882319566 1.2 536.066666667 0.0 114.933333333 "BUSCO"
M896_121620 0.00122738111937 0.00166666666667 1.43513908129 1.66 1152.33333333 0.5 287.666666667 "BUSCO"
M896_121640 0.000636911283566 0.000814147480814 1.00119536956 0.0 1326.0 1.22 339.0 "BUSCO"
M896_121650 0.00119259703907 0.00179937022042 2.04013621396 2.4 1183.93333333 0.0 298.066666667 "BUSCO"
M896_121660 0.00145827459727 0.0021268793546 1.83847050307 1.82 971.566666667 0.5 240.433333333 "BUSCO"
M896_121790 0.00139167622984 0.00218722659668 2.0567183502 1.5 612.833333333 0.0 149.166666667 "BUSCO"
M896_121830 0.00143256641288 0.00186873803895 1.16895516273 1.24 773.733333333 0.42 213.266666667 "BUSCO"
M896_121860 0.0 0.0 None 0.0 371.333333333 0.0 99.6666666667 "BUSCO"
M896_121870 0.00249859727872 0.00318287037037 1.2831761125 6.44 2152.86666667 1.26 535.133333333 "BUSCO"
M896_121890 0.000736428671623 0.00114197530864 1.98132385158 1.48 1165.06666667 0.0 274.933333333 "BUSCO"
